3.99680289e-15
3.99680289e-15
3.99680289e-15
3.99680289e-15
3.99680289e-15
3.99680289e-15
3.99680289e-15
3.99680289e-15
3.99680289e-15
3.99680289e-15
3.99680289e-15
3.99680289e-15
3.99680289e-15
4.44089210e-16
3.99680289e-15
4.44089210e-16
3.99680289e-15
3.99680289e-15
3.99680289e-15
3.99680289e-15
3.99680289e-15
3.99680289e-15
3.99680289e-15
3.99680289e-15
3.99680289e-15
3.99680289e-15
3.99680289e-15
3.99680289e-15
3.99680289e-15
4.44089210e-16
Run 30, std dev: 1.06581410e-15, mean: 3.64153152e-15
