1.20927332e-37
9.18012896e-39
6.84535235e-39
5.34709006e-37
7.58371886e-39
9.10497946e-40
6.52265544e-37
5.92195270e-39
3.23517367e-40
9.77740757e-39
2.94932967e-39
1.59024130e-38
2.13460590e-37
3.01944838e-39
4.95442198e-38
5.78958606e-37
3.43006147e-38
7.16464404e-37
1.74680467e-37
3.34378619e-36
0.00000000e+00
8.16529781e-39
1.05409064e-40
3.89503897e-41
6.72869145e-38
3.29103962e-41
0.00000000e+00
2.26422348e-35
2.41215900e-36
2.65004556e-39
Run 30, std dev: 4.07436864e-36, mean: 1.05380613e-36
