2.14248665e-01
2.14248665e-01
6.37546722e-02
6.37546722e-02
6.37547108e-02
6.37547070e-02
2.14248665e-01
2.14248665e-01
2.14248665e-01
2.14248665e-01
2.14248665e-01
6.37547243e-02
2.14248665e-01
6.37546722e-02
2.14248665e-01
2.14248665e-01
6.37546722e-02
2.14248665e-01
2.14248665e-01
2.14248665e-01
2.14248665e-01
2.14248665e-01
2.14248665e-01
6.37546722e-02
2.14248665e-01
6.37546722e-02
2.14248665e-01
2.14248665e-01
2.14248665e-01
6.37546722e-02
Run 30, std dev: 7.09435428e-02, mean: 1.64084005e-01
