3.46537628e-02
2.27650818e-02
4.51413908e-02
3.21101229e-02
4.36982903e-02
2.31531182e-02
2.97083318e-02
2.47317985e-02
2.42067356e-02
3.47250410e-02
3.09437125e-02
3.39423338e-02
3.58627729e-02
2.34444699e-02
2.99647330e-02
2.96054913e-02
3.23775135e-02
3.66771723e-02
4.64496936e-02
4.40518872e-02
3.77115943e-02
2.90762940e-02
2.72530193e-02
2.74682696e-02
5.41839037e-02
2.43394889e-02
4.25930725e-02
4.78673192e-02
2.49465097e-02
1.97739776e-02
Run 30, std dev: 8.65322781e-03, mean: 3.31142301e-02
