-2.96308839e+01
-2.96308838e+01
-2.96308839e+01
-2.96308839e+01
-2.96308838e+01
-2.96308838e+01
-2.96308838e+01
-2.96308838e+01
-2.96308837e+01
-2.96308838e+01
-2.96308838e+01
-2.96308838e+01
-2.96308839e+01
-2.96308839e+01
-2.96308838e+01
-2.96308838e+01
-2.96308831e+01
-2.96308838e+01
-2.96308838e+01
-2.96308837e+01
-2.96308839e+01
-2.96308839e+01
-2.96308839e+01
-2.96308813e+01
-2.96308839e+01
-2.96308829e+01
-2.96308838e+01
-2.96308821e+01
-2.96308838e+01
-2.96308839e+01
Run 30, std dev: 5.68247514e-07, mean: -2.96308836e+01
