3.81826985e-04
3.81826985e-04
3.81826985e-04
3.81826985e-04
3.81826985e-04
3.81826985e-04
3.81826985e-04
3.81826985e-04
3.81826985e-04
3.81826985e-04
3.81826985e-04
3.81826985e-04
3.81826985e-04
3.81826985e-04
3.81826985e-04
3.81826985e-04
3.81826985e-04
3.81826985e-04
3.81826985e-04
3.81826985e-04
3.81826985e-04
3.81826985e-04
3.81826985e-04
3.81826985e-04
3.81826985e-04
3.81826985e-04
3.81826985e-04
3.81826985e-04
3.81826985e-04
3.81826985e-04
Run 30, std dev: 0.00000000e+00, mean: 3.81826985e-04
