1.27275662e-04
1.27275662e-04
1.27275662e-04
1.27275662e-04
1.27275662e-04
1.27275662e-04
1.27275662e-04
1.27275662e-04
1.27275662e-04
1.27275662e-04
1.27275662e-04
1.27275662e-04
1.27275662e-04
1.27275662e-04
1.27275662e-04
1.27275662e-04
1.27275662e-04
1.27275662e-04
1.27275662e-04
1.27275662e-04
1.27275662e-04
1.27275662e-04
1.18438462e+02
1.27275662e-04
1.27275662e-04
1.27275662e-04
1.27275662e-04
1.27275662e-04
1.27275662e-04
1.27275662e-04
Run 30, std dev: 2.12603317e+01, mean: 3.94807176e+00
