2.54551323e-05
2.54551323e-05
2.54551323e-05
2.54551323e-05
2.54551323e-05
2.54551323e-05
2.54551323e-05
2.54551323e-05
2.54551323e-05
2.54551323e-05
2.54551323e-05
2.54551323e-05
2.54551323e-05
2.54551323e-05
2.54551323e-05
2.54551323e-05
2.54551323e-05
2.54551323e-05
2.54551323e-05
2.54551323e-05
2.54551323e-05
2.54551323e-05
2.54551323e-05
2.54551323e-05
2.54551323e-05
2.54551323e-05
2.54551323e-05
2.54551323e-05
2.54551323e-05
2.54551323e-05
Run 30, std dev: 0.00000000e+00, mean: 2.54551323e-05
