3.02133321e-36
1.20954164e-34
1.83983803e-39
3.06116245e-37
3.43789352e-36
4.04375242e-34
4.43158665e-35
3.20111914e-38
1.76508851e-37
8.78145281e-36
2.69812807e-36
1.11387263e-38
1.56868103e-35
1.65436888e-38
1.79484625e-37
1.86014866e-35
2.20333648e-35
7.92782381e-36
1.04188875e-36
1.13646952e-37
4.61141596e-35
1.53720339e-38
6.42150878e-36
9.14342321e-36
9.42587936e-39
1.74961569e-35
4.58394514e-36
6.26031792e-36
9.67283876e-38
2.46981777e-34
Run 30, std dev: 8.41135468e-35, mean: 3.30278520e-35
