1 100 2  1 0.05 0.1
1 100 10 1 0.05 0.1
1 100 30 1 0.05 0.1
2 100 2  1 0.05 0.1
2 100 10 1 0.05 0.1
2 100 30 1 0.05 0.1
3 100 2  1 0.05 0.1
3 100 10 1 0.05 0.1
3 100 30 1 0.05 0.1
4 100 2  1 0.05 0.1
4 100 10 1 0.05 0.1
4 100 30 1 0.05 0.1
5 100 2  1 0.05 0.1
5 100 10 1 0.05 0.1
5 100 30 1 0.05 0.1
6 100 2  1 0.05 0.1
6 100 10 1 0.05 0.1
6 100 30 1 0.05 0.1
7 100 2  1 0.05 0.1
7 100 10 1 0.05 0.1
7 100 30 1 0.05 0.1
8 100 2  1 0.05 0.1
8 100 10 1 0.05 0.1
8 100 30 1 0.05 0.1
9 100 2  1 0.05 0.1
9 100 10 1 0.05 0.1
9 100 30 1 0.05 0.1
10 100 2  1 0.05 0.1
10 100 10 1 0.05 0.1
10 100 30 1 0.05 0.1