2.43978773e-159
1.77880158e-157
1.12343003e-156
1.38940853e-158
1.46994167e-159
2.21332120e-158
1.32023029e-157
1.37528640e-155
8.78848046e-159
6.03109588e-159
2.57853520e-156
1.26317530e-157
4.11410669e-159
2.18911344e-157
7.18838507e-158
9.16403503e-156
1.42313375e-157
5.38479960e-155
5.62828397e-159
3.93389953e-155
4.50486374e-159
6.56524198e-158
8.12286458e-159
3.01300500e-158
9.58555885e-159
4.67183123e-158
8.24136587e-158
2.59613651e-157
1.55774136e-156
1.07306183e-159
Run 30, std dev: 1.18717287e-155, mean: 4.09350799e-156
