2.20574589e-31
3.71461664e-30
2.50907155e-30
6.99071878e-31
2.81557223e-30
1.08290934e-30
1.38377092e-31
3.24537689e-29
6.87965900e-30
1.93328633e-30
3.18237953e-30
7.37287401e-32
3.50653198e-30
8.74745359e-31
1.01201734e-29
2.52610761e-31
2.81934286e-30
4.56638083e-33
9.26994540e-31
1.71541404e-29
1.30696953e-28
7.20035803e-30
4.64321158e-30
5.44784560e-30
8.24984445e-30
1.19132790e-29
2.18122809e-30
7.96398279e-30
3.00686106e-30
2.98903323e-30
Run 30, std dev: 2.34598124e-29, mean: 9.18849061e-30
