0.00000000e+00
0.00000000e+00
0.00000000e+00
1.02140518e-14
0.00000000e+00
1.53210777e-14
0.00000000e+00
0.00000000e+00
0.00000000e+00
1.11022302e-16
0.00000000e+00
0.00000000e+00
0.00000000e+00
2.22044605e-16
1.11022302e-16
0.00000000e+00
2.22044605e-16
1.44328993e-15
0.00000000e+00
0.00000000e+00
0.00000000e+00
0.00000000e+00
2.22044605e-16
0.00000000e+00
7.66053887e-15
0.00000000e+00
6.66133815e-16
0.00000000e+00
0.00000000e+00
1.11022302e-16
Run 30, std dev: 3.44733933e-15, mean: 1.21014310e-15
