4.36466795e-02
1.97345961e-02
3.58178485e-02
4.54696438e-02
3.52449894e-02
3.99832877e-02
3.71260772e-02
2.82635765e-02
1.67278652e-02
5.86810135e-02
4.94776809e-02
3.12937636e-02
3.42065894e-02
4.67979618e-02
3.76301860e-02
2.03639526e-02
3.12738609e-02
3.95929431e-02
6.81024045e-02
4.52446885e-02
4.97679890e-02
2.66391817e-02
4.35720185e-02
2.51172866e-02
2.32143904e-02
4.71550012e-02
4.46825461e-02
3.47225031e-02
5.00337437e-02
1.52280451e-02
Run 30, std dev: 1.22168289e-02, mean: 3.74937438e-02
