6.19012919e-42
2.00237102e-43
6.39159830e-42
8.46747669e-42
5.19843562e-42
8.00624590e-42
8.58848201e-44
6.99292836e-44
4.70506862e-42
6.51503521e-43
6.41373651e-43
2.65812696e-41
7.44224255e-37
1.38676369e-42
8.86810609e-44
3.46736703e-42
4.14015307e-39
1.31295615e-40
4.66668641e-45
8.26455939e-42
6.35718021e-42
1.33346119e-41
3.23095123e-41
3.27512590e-41
3.94385947e-45
1.35291344e-44
9.09301085e-38
2.75938684e-42
4.37487706e-45
7.30891773e-48
Run 30, std dev: 1.33997255e-37, mean: 2.79864582e-38
