5.66854522e-60
8.43556625e-56
3.48315924e-58
2.33765409e-57
7.02133156e-61
3.77249520e-61
1.73560649e-60
2.12259388e-60
4.15077350e-60
1.83919424e-59
4.71604218e-62
1.41962671e-51
4.35277158e-58
1.53853906e-58
1.47168580e-59
2.40790658e-62
2.83772976e-60
1.15317633e-60
1.45034820e-62
2.94804325e-60
2.94014491e-61
1.87571851e-57
1.00076158e-60
4.31538024e-60
2.91356856e-60
3.09681902e-60
9.71184316e-63
2.72394922e-60
1.37694371e-60
7.05833630e-59
Run 30, std dev: 2.54830240e-52, mean: 4.73238787e-53
