7.60269236e-157
6.12948756e-157
3.17232854e-157
2.47555367e-157
2.84416063e-160
1.31768421e-157
1.73432837e-158
2.11015585e-157
1.11591708e-157
8.24231980e-157
7.53234420e-159
3.26646158e-158
1.70576224e-156
3.55388373e-158
8.69882533e-157
1.17916087e-158
6.04911186e-157
1.09868609e-157
1.27540193e-158
7.55842782e-160
1.07762092e-159
1.18608839e-157
1.03386512e-157
5.73858513e-159
3.79142279e-158
8.23062889e-157
6.50749331e-159
7.34510566e-159
5.46619375e-158
6.63757482e-158
Run 30, std dev: 3.90448622e-157, mean: 2.61679413e-157
