2.14248665e-01
6.37546722e-02
2.14248665e-01
2.14248665e-01
6.37546722e-02
6.37546722e-02
2.14248665e-01
2.14248665e-01
2.14248665e-01
2.14248665e-01
2.14248665e-01
2.14248665e-01
2.14248665e-01
2.14248665e-01
6.37546722e-02
2.14248665e-01
2.14248665e-01
2.14248665e-01
2.14248665e-01
2.14248665e-01
2.14248665e-01
2.14248665e-01
2.14248665e-01
2.14248665e-01
2.14248665e-01
2.14248665e-01
6.37546722e-02
2.14248665e-01
2.14248665e-01
2.14248665e-01
Run 30, std dev: 5.60857998e-02, mean: 1.89166333e-01
