1.35867002e-02
2.37852679e-02
2.76912459e-02
5.45136546e-02
1.53439290e-02
2.16656111e-02
2.58609727e-02
1.60725997e-02
1.70069424e-02
2.39415614e-02
3.41292518e-02
2.60768214e-02
3.77127834e-02
2.41255806e-02
5.86679404e-02
3.51924295e-02
5.43538242e-02
3.07614152e-02
3.25824352e-02
4.01707823e-02
2.11216722e-02
3.29450592e-02
2.76119866e-02
5.60415098e-02
1.72702746e-02
3.50383210e-02
2.18574017e-02
3.82560081e-02
9.59928679e-03
3.48309643e-02
Run 30, std dev: 1.26819543e-02, mean: 3.02604744e-02
