2.23087606e-01
2.72099919e-01
2.09367405e-01
2.22021440e-01
1.97930768e-01
2.18299766e-01
1.97275815e-01
1.90003792e-01
1.63012279e-01
1.85415267e-01
2.22510532e-01
1.69286089e-01
1.78665958e-01
2.49051277e-01
2.10442614e-01
2.11659502e-01
2.05724346e-01
1.77948333e-01
2.44220615e-01
2.00332609e-01
1.83892546e-01
2.13967850e-01
2.26974115e-01
1.82835055e-01
2.48770448e-01
2.02417124e-01
2.13362031e-01
2.34831964e-01
1.66990380e-01
2.24096560e-01
Run 30, std dev: 2.59873411e-02, mean: 2.08216467e-01
