2.78340631e-17
1.51774230e-17
1.05928721e-18
5.45044927e-17
3.53037374e-17
8.11317444e-17
2.68256384e-19
1.71734499e-17
1.51130289e-16
3.34606946e-16
8.92115912e-17
2.38488822e-18
7.70718129e-19
1.37265077e-18
3.89602470e-17
7.40922939e-18
6.61390171e-19
1.12671467e-16
7.59938549e-17
1.43016428e-16
3.30708062e-18
4.34250637e-18
8.08046721e-19
1.89782319e-20
1.86009687e-19
1.42863170e-16
6.67164605e-18
5.76007901e-18
7.60225624e-18
3.97488904e-19
Run 30, std dev: 7.16596911e-17, mean: 4.54199805e-17
