2.74105750e-40
8.51155165e-41
2.63857301e-43
2.33042685e-44
7.95487231e-43
1.06467702e-45
9.26057736e-44
5.59035642e-46
1.11300449e-41
2.44706787e-43
1.57624813e-42
3.87547750e-39
8.84372558e-41
1.21058032e-42
6.55966663e-41
8.28182398e-44
8.17845532e-46
1.11819279e-41
1.32422439e-38
1.16788376e-42
5.11134008e-43
9.38265845e-43
4.08567484e-44
9.38783427e-44
2.83518971e-43
3.74657553e-43
2.33844702e-42
1.67536925e-43
1.19282034e-41
1.36985082e-42
Run 30, std dev: 2.44986818e-39, mean: 5.89226496e-40
