2.64435937e-35
2.97813392e-34
1.24166229e-33
1.63171412e-33
1.71923039e-35
6.62936630e-34
2.84164124e-34
3.83182138e-34
3.85915530e-35
1.40102623e-34
2.93401813e-35
2.16478744e-34
2.07278013e-33
2.94130215e-35
2.38723952e-33
1.46024089e-35
4.94183313e-34
2.47434016e-33
1.80622596e-34
1.61350998e-33
1.00792906e-34
1.34394623e-34
1.60326994e-34
4.28364849e-35
1.15790824e-34
1.07055421e-33
3.70318405e-34
4.61203032e-34
2.91044564e-34
4.68410697e-34
Run 30, std dev: 7.24468841e-34, mean: 5.81732852e-34
