6.17586490e-50
2.48516198e-49
2.01359922e-48
1.23135766e-49
2.85338105e-50
1.10879678e-49
2.34401516e-50
3.24532217e-50
3.39776008e-49
1.59539984e-49
7.34579159e-49
5.25193900e-50
1.56531691e-49
1.79938836e-48
1.99983834e-50
1.24406594e-50
2.82985137e-50
2.71494220e-51
3.47781693e-50
5.81413496e-49
2.28031992e-50
1.53629720e-49
3.12775814e-49
2.63549635e-50
3.49803151e-49
8.56211913e-49
1.84275407e-48
1.18081188e-49
4.52230750e-50
1.04111217e-48
Run 30, std dev: 5.66530331e-49, mean: 3.77768157e-49
