2.08897863e-01
2.41897216e-01
2.17615315e-01
2.13066141e-01
2.80212762e-01
2.05528749e-01
2.20756627e-01
1.75785374e-01
2.32859483e-01
1.94084067e-01
1.87556695e-01
1.71624912e-01
2.07064526e-01
2.35733852e-01
2.23536213e-01
1.80309053e-01
1.92744391e-01
1.76342565e-01
2.71254711e-01
2.36639351e-01
1.91171490e-01
2.66115120e-01
2.40858880e-01
1.50840827e-01
2.00509888e-01
1.78367591e-01
2.05239719e-01
1.92681741e-01
2.50063521e-01
2.32988955e-01
Run 30, std dev: 3.10798585e-02, mean: 2.12744920e-01
