3.16542079e-02
3.98989151e-02
1.53859918e-02
5.11774796e-02
3.25228329e-02
3.73463581e-02
4.01045731e-02
3.38234403e-02
4.99366535e-02
1.56928449e-02
3.23738385e-02
4.17743926e-02
2.48776612e-02
2.16965995e-02
2.74951497e-02
3.46377578e-02
3.39199517e-02
2.91160750e-02
5.81986522e-02
1.49214094e-02
4.27892194e-02
2.86183522e-02
3.97355042e-02
8.10073461e-03
1.36281054e-02
3.60991459e-02
3.38848999e-02
2.93314092e-02
5.75221060e-02
4.86536877e-02
Run 30, std dev: 1.24459142e-02, mean: 3.34972650e-02
