-9.66015172e+00
-9.66015172e+00
-9.66015172e+00
-9.66015172e+00
-9.66015172e+00
-9.66015172e+00
-9.66015172e+00
-9.66015172e+00
-9.66015172e+00
-9.66015172e+00
-9.66015172e+00
-9.66015172e+00
-9.66015172e+00
-9.66015172e+00
-9.66015172e+00
-9.66015172e+00
-9.66015172e+00
-9.66015172e+00
-9.66015172e+00
-9.66015172e+00
-9.66015172e+00
-9.66015172e+00
-9.66015172e+00
-9.66015172e+00
-9.66015172e+00
-9.66015172e+00
-9.66015172e+00
-9.66015172e+00
-9.66015172e+00
-9.66015172e+00
Run 30, std dev: 0.00000000e+00, mean: -9.66015172e+00
