9.95168452e-17
1.49084913e-16
8.04453571e-17
2.85281642e-18
2.88611216e-17
2.28142505e-15
3.11487846e-18
1.16214470e-16
6.32461529e-18
9.61054714e-19
2.49186300e-17
1.43359966e-16
7.31679358e-17
7.02778645e-17
6.23085418e-20
1.27270489e-17
3.29066578e-16
5.19252057e-19
2.92146923e-17
3.01168625e-16
3.35687720e-17
1.14956148e-16
1.33234110e-17
1.37674373e-16
2.85713270e-18
2.46792521e-18
8.49449596e-18
3.36069208e-16
9.30425892e-16
2.95484937e-15
Run 30, std dev: 6.56836241e-16, mean: 2.76265692e-16
