7.75021590e-58
1.12827178e-57
4.06738382e-60
2.08341415e-55
1.47327107e-62
1.22366730e-57
3.70429028e-62
1.26607012e-57
1.61054232e-60
1.11178347e-59
1.58696696e-63
6.00211590e-59
3.96755120e-61
3.30157274e-60
3.41017460e-61
2.73148954e-57
3.50571106e-57
4.73621621e-60
2.06348708e-62
2.39141325e-60
1.89821703e-60
1.12154841e-61
1.04155658e-59
1.06237452e-58
6.10827285e-57
1.68696770e-54
9.32768143e-58
2.25988129e-60
1.38529038e-56
1.57189662e-57
Run 30, std dev: 3.03619190e-55, mean: 6.42871390e-56
