3.99680289e-15
3.99680289e-15
3.99680289e-15
3.99680289e-15
4.44089210e-16
3.99680289e-15
3.99680289e-15
3.99680289e-15
3.99680289e-15
3.99680289e-15
3.99680289e-15
4.44089210e-16
3.99680289e-15
3.99680289e-15
4.44089210e-16
3.99680289e-15
3.99680289e-15
3.99680289e-15
3.99680289e-15
3.99680289e-15
3.99680289e-15
3.99680289e-15
3.99680289e-15
4.44089210e-16
3.99680289e-15
3.99680289e-15
3.99680289e-15
3.99680289e-15
3.99680289e-15
3.99680289e-15
Run 30, std dev: 1.20769042e-15, mean: 3.52310773e-15
