2.63598417e-50
9.49397377e-50
1.71928228e-49
5.16779199e-50
3.04946480e-49
8.15372595e-50
1.04009054e-49
7.00201829e-51
5.01501656e-50
1.29813022e-49
1.60877515e-48
6.75008918e-50
4.77209058e-49
7.15320036e-51
6.12347646e-51
1.43952677e-49
1.35096491e-48
1.15072256e-49
8.08945224e-50
1.12838374e-49
4.30511725e-50
7.40130045e-50
1.56172811e-50
4.09851321e-50
7.62136141e-49
7.08697540e-50
3.98805045e-47
3.91108173e-52
2.72336194e-50
3.96596452e-50
Run 30, std dev: 7.13103763e-48, mean: 1.53157699e-48
