1.65097274e-29
1.63968743e-29
2.33010210e-30
2.37976573e-29
3.52988056e-30
3.43638365e-30
1.38438682e-30
5.52478338e-29
1.17879789e-30
5.86088205e-30
6.58940164e-31
3.88533641e-31
1.26810024e-29
4.18204489e-30
2.60235461e-29
3.09409027e-30
9.43443400e-31
1.74228590e-31
4.94700005e-30
1.74810841e-29
1.07229057e-29
1.52263040e-30
2.22868328e-29
2.51327044e-29
8.03707308e-31
5.10269751e-31
1.72878303e-29
3.89089155e-30
5.33452298e-29
2.42326785e-29
Run 30, std dev: 1.42571987e-29, mean: 1.19994040e-29
