0.00000000e+00
0.00000000e+00
2.22044605e-16
0.00000000e+00
6.66133815e-16
1.11022302e-16
0.00000000e+00
0.00000000e+00
0.00000000e+00
0.00000000e+00
1.11022302e-16
3.33066907e-16
1.66533454e-15
0.00000000e+00
0.00000000e+00
4.44089210e-16
0.00000000e+00
0.00000000e+00
0.00000000e+00
0.00000000e+00
0.00000000e+00
1.11022302e-16
2.22044605e-16
0.00000000e+00
0.00000000e+00
0.00000000e+00
0.00000000e+00
0.00000000e+00
0.00000000e+00
0.00000000e+00
Run 30, std dev: 3.24422458e-16, mean: 1.29526020e-16
