1.04950836e-01
7.14111815e-02
1.16421836e-01
1.11916427e-01
1.03066221e-01
8.07712215e-02
7.90045597e-02
9.84030337e-02
7.99590976e-02
7.60192678e-02
6.87697592e-02
8.04524114e-02
1.06460692e-01
6.35793767e-02
6.98668760e-02
7.03345020e-02
7.71347483e-02
9.87978733e-02
9.81638459e-02
9.15574537e-02
8.29255071e-02
1.06885400e-01
1.11067174e-01
9.64563384e-02
8.96126005e-02
9.30136943e-02
1.12878228e-01
1.14036425e-01
9.24850137e-02
7.71719522e-02
Run 30, std dev: 1.54805608e-02, mean: 9.07857851e-02
