1.19660527e-55
1.96528624e-60
2.21051930e-58
5.23523757e-53
2.84090185e-60
4.04741817e-61
2.89290853e-65
2.95009345e-60
1.40615090e-59
1.14847373e-59
1.21941891e-61
3.46279057e-64
9.34562692e-61
2.31764155e-59
1.09672572e-60
8.09610421e-65
1.38927619e-55
5.98781782e-56
4.05751001e-55
1.61945175e-54
4.11418223e-58
1.46129391e-58
8.95818664e-60
1.40516384e-59
3.17587682e-59
2.89040720e-60
1.83692209e-59
1.05671270e-55
6.55543620e-60
5.36175498e-58
Run 30, std dev: 9.38703706e-54, mean: 1.82677241e-54
