6.20299985e-02
9.03807395e-02
8.12340362e-02
6.03938742e-02
1.17894442e-01
8.83403690e-02
1.08892256e-01
8.31665449e-02
7.51841353e-02
1.07750441e-01
9.61237161e-02
1.05304773e-01
6.43489103e-02
6.01908559e-02
8.45304400e-02
9.11410492e-02
9.38749818e-02
8.44553924e-02
1.16987481e-01
7.60523751e-02
8.81986070e-02
9.81655535e-02
8.46408171e-02
6.88087498e-02
9.23136642e-02
1.04727698e-01
6.44340709e-02
9.16328363e-02
7.86735880e-02
1.09446793e-01
Run 30, std dev: 1.63699055e-02, mean: 8.76439730e-02
