1.10829233e-16
2.91842368e-18
9.04475822e-19
3.94524760e-18
1.36612547e-17
6.80089187e-16
1.09400757e-17
1.48290664e-17
8.93442171e-18
2.41464261e-16
2.48401089e-17
7.45675074e-16
4.94806529e-18
5.72299950e-17
1.97332519e-16
1.25707775e-16
2.37525526e-17
9.91732657e-19
1.55496511e-17
2.74112686e-15
2.11235314e-21
2.42006801e-16
9.59227349e-18
1.44617435e-20
1.81452736e-18
1.43424446e-17
2.10929063e-18
9.15401614e-19
1.49098313e-16
2.51799696e-17
Run 30, std dev: 5.08170481e-16, mean: 1.82358186e-16
