3.94034443e-34
8.34398085e-34
1.36932795e-34
3.41159321e-35
2.51359032e-33
4.36422491e-35
1.42635118e-33
5.27817767e-35
7.45148254e-35
1.82410846e-33
6.22849428e-34
4.28114879e-35
4.51291640e-35
5.50712985e-34
3.86092257e-33
1.85762071e-35
7.16261472e-35
3.99110809e-34
3.52827814e-34
1.25518568e-34
3.68378799e-34
9.91005204e-36
5.62190987e-34
9.78268857e-36
5.74990528e-34
5.92597736e-34
6.45777934e-35
1.24434297e-34
1.47900757e-34
2.38824323e-33
Run 30, std dev: 8.98590895e-34, mean: 6.08918738e-34
