2.00969545e-06
7.54951657e-15
3.78598530e-09
2.23834506e-09
7.54951657e-15
2.91069289e-08
2.45887755e-11
8.67238765e-08
7.54951657e-15
2.15250392e-07
3.99680289e-15
7.54951657e-15
7.54951657e-15
6.84632906e-08
7.54951657e-15
3.99680289e-15
9.56336135e-08
8.54220492e-07
3.99680289e-15
5.05231101e-09
7.54951657e-15
7.54951657e-15
7.54951657e-15
2.81504903e-07
7.54951657e-15
7.54951657e-15
7.54951657e-15
2.62963842e-08
3.99680289e-15
7.54951657e-15
Run 30, std dev: 3.85839424e-07, mean: 1.22599889e-07
