7.58904051e-12
4.44089210e-16
8.77964368e-13
4.44089210e-16
4.44089210e-16
4.44089210e-16
4.44089210e-16
1.85185201e-13
4.44089210e-16
1.56008539e-12
4.44089210e-16
3.34350325e-11
4.44089210e-16
4.44089210e-16
4.44089210e-16
4.44089210e-16
4.44089210e-16
4.44089210e-16
2.10054196e-13
4.44089210e-16
4.44089210e-16
4.44089210e-16
2.40918396e-12
4.44089210e-16
4.44089210e-16
4.44089210e-16
4.44089210e-16
4.44089210e-16
4.44089210e-16
4.44089210e-16
Run 30, std dev: 6.09151758e-12, mean: 1.54255867e-12
