1.95017927e-43
2.72477393e-45
2.11033146e-09
1.20018713e-47
1.26919473e-11
5.43182554e-11
4.32747505e-51
2.40076624e-51
2.15331574e-46
7.32309811e-50
7.76474431e-52
8.27177354e-52
3.10257680e-51
2.34490894e-43
1.07908132e-12
1.33265049e-53
3.88465096e-45
2.39144834e-47
3.64765110e-50
7.15538379e-10
1.36543836e-46
4.56700551e-45
2.21547260e-50
9.77414101e-51
2.49933128e-10
1.14536756e-52
7.03616834e-10
7.15574991e-53
5.24826487e-46
7.51426412e-38
Run 30, std dev: 4.09581322e-10, mean: 1.28250303e-10
