8.81097488e-33
3.93061075e-33
2.42586594e-33
2.54238702e-33
6.56242641e-33
6.86914435e-33
1.13561160e-36
1.32180401e-05
1.74973315e-35
2.37120573e-34
2.01129079e-33
2.25039122e-32
5.08974227e-34
2.36331697e-31
1.87547478e-34
2.24493461e-32
1.27592268e-33
4.55380731e-34
2.69564407e-31
9.20441971e-32
2.12128359e-33
1.12627096e-34
4.13753618e-33
6.46224644e-33
1.01225432e-36
8.54504963e-35
1.13121542e-34
2.14579451e-33
5.76469805e-34
3.85542709e-29
Run 30, std dev: 2.37271080e-06, mean: 4.40601335e-07
