3.53784176e-21
1.17298889e-34
4.14175521e-23
1.01371868e-17
4.12144970e-24
4.77198751e-21
4.73421354e-38
2.46088078e-24
1.31728609e-20
7.63020553e-28
7.97003756e-24
2.98433466e-21
6.47149528e-25
1.15705474e-19
1.96382379e-23
3.79214953e-21
2.90833511e-23
2.93093628e-28
2.30994234e-03
8.25599189e-08
4.59617670e-20
6.43512882e-22
4.03708915e-21
6.13553668e-19
2.38176927e-18
1.17995617e-35
2.26518317e-21
3.21349408e-19
1.00103797e-28
7.58805799e-28
Run 30, std dev: 4.14646830e-04, mean: 7.70008301e-05
