1.59760861e-05
4.20982985e-07
1.59505465e-05
1.28051241e-05
1.58644199e-04
6.47377166e-06
4.58318332e-06
0.00000000e+00
0.00000000e+00
3.93372002e-11
2.11386464e-13
2.15449236e-09
0.00000000e+00
2.57163180e-11
8.71165362e-11
1.95139738e-05
1.34763604e-06
1.05192200e-07
2.79563869e-06
1.06271075e-07
2.22044605e-15
8.19994517e-09
6.66133815e-16
9.70690947e-06
4.50832705e-11
2.15415490e-08
5.04486312e-06
1.40090561e-05
7.80145102e-06
4.43069959e-07
Run 30, std dev: 2.83650908e-05, mean: 9.19200163e-06
