6.37546722e-02
6.37546722e-02
6.37546722e-02
6.37546722e-02
6.37546722e-02
6.37546722e-02
6.37546722e-02
6.37546722e-02
6.37546722e-02
6.37546722e-02
6.37546722e-02
6.37546722e-02
6.37546722e-02
6.37546722e-02
6.37546722e-02
6.37546722e-02
6.37546722e-02
6.37546722e-02
6.37546722e-02
6.37546722e-02
6.37546722e-02
6.37546722e-02
6.37546722e-02
6.37546722e-02
6.37546722e-02
6.37546722e-02
6.37546722e-02
6.37546722e-02
6.37546722e-02
6.37546722e-02
Run 30, std dev: 3.14068108e-12, mean: 6.37546722e-02
