1.19404134e-01
1.34228997e-01
1.02588311e-01
1.17336679e-01
1.03261871e-01
1.09406333e-01
1.67028034e-01
1.33319222e-01
1.36977046e-01
1.32629475e-01
1.20576940e-01
1.40540693e-01
1.56058680e-01
1.36880788e-01
1.16101883e-01
1.10521294e-01
1.43105798e-01
9.66029975e-02
1.00933427e-01
9.64346392e-02
1.64069885e-01
1.18563582e-01
9.41316710e-02
1.30742024e-01
1.02884561e-01
1.25333126e-01
1.37060280e-01
1.43504598e-01
1.33213449e-01
1.33083561e-01
Run 30, std dev: 1.93887157e-02, mean: 1.25217466e-01
