5.02198157e-02
7.21201914e-02
6.94209362e-02
4.40252779e-02
6.98355039e-02
8.07233343e-02
3.44714306e-02
7.50134252e-02
6.01322893e-02
4.57886595e-02
8.79671227e-02
8.90449583e-02
4.81637986e-02
4.71002476e-02
6.18480902e-02
5.73520780e-02
6.31020908e-02
7.25101042e-02
9.92732589e-02
3.96285933e-02
7.34046155e-02
6.76593956e-02
8.52488386e-02
7.23637670e-02
6.58820854e-02
7.09510906e-02
3.81555191e-02
7.14124014e-02
6.86870189e-02
4.57942299e-02
Run 30, std dev: 1.61097716e-02, mean: 6.42433390e-02
