3.02942710e-01
2.90062220e-01
1.83191635e-01
2.59469881e-01
3.38587126e-01
3.47511346e-01
2.93547545e-01
1.80997480e-01
2.97862932e-01
2.75401425e-01
3.30289477e-01
2.74998506e-01
2.71081207e-01
2.59900533e-01
3.27603516e-01
2.99290125e-01
2.57183248e-01
2.32322721e-01
3.42087866e-01
1.88591580e-01
2.68462118e-01
2.41967353e-01
2.45574386e-01
2.81869653e-01
2.84966753e-01
2.56113104e-01
2.82610057e-01
3.05328508e-01
2.54316824e-01
3.49898329e-01
Run 30, std dev: 4.42648156e-02, mean: 2.77467672e-01
