-2.96308839e+01
-2.96308839e+01
-2.96279099e+01
-2.96308839e+01
-2.96308839e+01
-2.96308756e+01
-2.96308839e+01
-2.96308835e+01
-2.96308839e+01
-2.96308839e+01
-2.96308839e+01
-2.96308839e+01
-2.96283795e+01
-2.96308839e+01
-2.96308839e+01
-2.96308839e+01
-2.96308839e+01
-2.96296351e+01
-2.96308839e+01
-2.96308839e+01
-2.96308839e+01
-2.96308839e+01
-2.96162552e+01
-2.96308839e+01
-2.96308839e+01
-2.96308839e+01
-2.96308839e+01
-2.96308839e+01
-2.96308839e+01
-2.96308828e+01
Run 30, std dev: 2.67990806e-03, mean: -2.96301717e+01
