-1.80130341e+00
-1.80130341e+00
-1.80130341e+00
-1.80130341e+00
-1.80130341e+00
-1.80130341e+00
-1.80130341e+00
-1.80130341e+00
-1.80130341e+00
-1.80130341e+00
-1.80130341e+00
-1.80130341e+00
-1.80130341e+00
-1.80130341e+00
-1.80130341e+00
-1.80130341e+00
-1.80130341e+00
-1.80130341e+00
-1.80130341e+00
-1.80130341e+00
-1.80130341e+00
-1.80130341e+00
-1.80130341e+00
-1.80130341e+00
-1.80130341e+00
-1.80130341e+00
-1.80130341e+00
-1.80130341e+00
-1.80130341e+00
-1.80130341e+00
Run 30, std dev: 7.13773541e-16, mean: -1.80130341e+00
