-9.66015172e+00
-9.66015172e+00
-9.66015172e+00
-9.66015172e+00
-9.66015172e+00
-9.66015168e+00
-9.66015172e+00
-9.66015172e+00
-9.66015170e+00
-9.66015172e+00
-9.66015172e+00
-9.66015172e+00
-9.66015172e+00
-9.66015172e+00
-9.66015172e+00
-9.66015172e+00
-9.66015172e+00
-9.66015172e+00
-9.66015172e+00
-9.66015172e+00
-9.66015171e+00
-9.66015172e+00
-9.66015172e+00
-9.66015172e+00
-9.66015172e+00
-9.66015172e+00
-9.66015172e+00
-9.66015172e+00
-9.66015172e+00
-9.66015172e+00
Run 30, std dev: 7.61064244e-09, mean: -9.66015171e+00
