0.00000000e+00
0.00000000e+00
0.00000000e+00
7.81597009e-14
0.00000000e+00
0.00000000e+00
0.00000000e+00
0.00000000e+00
8.52651283e-14
0.00000000e+00
0.00000000e+00
1.04970084e-07
0.00000000e+00
7.10542736e-15
0.00000000e+00
5.87751266e-07
0.00000000e+00
0.00000000e+00
0.00000000e+00
0.00000000e+00
0.00000000e+00
0.00000000e+00
0.00000000e+00
0.00000000e+00
0.00000000e+00
0.00000000e+00
0.00000000e+00
0.00000000e+00
0.00000000e+00
0.00000000e+00
Run 30, std dev: 1.06532442e-07, mean: 2.30907174e-08
