6.32985007e-08
2.40717100e-08
0.00000000e+00
0.00000000e+00
0.00000000e+00
0.00000000e+00
0.00000000e+00
8.94829100e-10
1.35480036e-08
0.00000000e+00
0.00000000e+00
0.00000000e+00
1.99817720e-06
3.78853997e-07
0.00000000e+00
0.00000000e+00
0.00000000e+00
0.00000000e+00
0.00000000e+00
1.75459115e-06
0.00000000e+00
0.00000000e+00
0.00000000e+00
0.00000000e+00
0.00000000e+00
0.00000000e+00
0.00000000e+00
0.00000000e+00
0.00000000e+00
0.00000000e+00
Run 30, std dev: 4.69829895e-07, mean: 1.41114513e-07
