2.47762099e+01
1.51802183e+01
2.39119895e+01
9.95893303e+00
2.38564244e+01
2.50890583e+01
6.90138413e+00
1.12351742e+01
3.06096576e+00
9.84112940e+00
2.26712452e+01
2.30239052e+01
6.96050118e+00
1.14587654e+01
2.35265248e+01
2.54666305e+01
9.15317464e+00
8.53591213e+00
1.00434026e+01
6.58116600e+00
7.95324663e+00
2.59166298e+01
7.21480439e+00
7.20030851e+00
2.27033111e+01
9.26816304e+00
2.35919635e+01
1.31568972e+01
7.79571261e+00
1.68264919e+01
Run 30, std dev: 7.52081952e+00, mean: 1.47620081e+01
