1.97994397e-04
7.42597169e-07
1.96083771e-03
6.13379582e-10
3.05454764e-07
2.51126739e-08
4.45376070e-05
1.77936921e-05
1.36930082e-08
3.47585786e-07
1.52545003e-12
4.72487670e-05
2.50492199e-06
1.27695621e-03
2.04937380e-05
3.38778802e-11
8.65453831e-06
5.21267082e-05
1.39826239e-08
1.50701258e-10
1.59860619e-04
1.33936698e-08
1.42087922e-03
4.55124071e-08
1.06448033e-08
3.98544828e-11
7.70223761e-08
1.56280922e-06
1.65219300e-07
1.16014770e-04
Run 30, std dev: 4.70236881e-04, mean: 1.77640892e-04
