3.90087322e-04
3.95192421e-04
3.81826985e-04
3.81942042e-04
3.81826985e-04
3.81826985e-04
3.81826985e-04
3.81826985e-04
3.81826985e-04
3.93898534e-04
3.81826985e-04
3.81826985e-04
3.81826985e-04
3.81826985e-04
3.81826985e-04
3.81826985e-04
3.81826985e-04
3.81826985e-04
3.81826985e-04
3.81826985e-04
3.81826985e-04
3.81826985e-04
3.81826985e-04
3.81826985e-04
3.81826985e-04
3.81826985e-04
3.81826985e-04
3.81826985e-04
3.81826985e-04
3.81826985e-04
Run 30, std dev: 3.43751036e-06, mean: 3.82954064e-04
