3.84580005e-04
1.27275662e-04
1.27275662e-04
1.27275662e-04
1.27275662e-04
1.27275662e-04
1.27275662e-04
1.27275662e-04
1.27275662e-04
1.27275662e-04
1.27275662e-04
1.27275662e-04
1.27275662e-04
1.27275662e-04
1.27275662e-04
1.27275662e-04
1.27275662e-04
1.27275662e-04
1.27275662e-04
1.27275662e-04
1.27275662e-04
1.27275662e-04
1.27275662e-04
1.27275662e-04
1.27367874e-04
1.27275662e-04
1.27275662e-04
1.27275662e-04
1.27275662e-04
1.27275662e-04
Run 30, std dev: 4.61869753e-05, mean: 1.35855547e-04
