2.54551323e-05
2.56399323e-05
2.54800441e-05
2.54551325e-05
2.54551323e-05
2.54551323e-05
2.54551323e-05
2.54551323e-05
2.54551323e-05
2.54551326e-05
2.54551327e-05
2.54551328e-05
2.54551323e-05
2.54551323e-05
2.54655862e-05
2.54551323e-05
2.54551323e-05
2.54551323e-05
2.54551323e-05
2.54551323e-05
2.54551323e-05
2.54551323e-05
2.54551323e-05
2.54551323e-05
2.54551323e-05
2.54551323e-05
2.54551323e-05
2.54551323e-05
2.54551323e-05
2.54551323e-05
Run 30, std dev: 3.32992185e-08, mean: 2.54624712e-05
