2.42543896e-23
2.55528810e-25
1.83307013e-33
2.51890838e-23
2.54353094e-14
1.38041127e-39
7.18462209e-23
3.30084129e-15
3.38925468e-22
6.66565323e-12
1.20433471e-22
1.72583285e-28
7.01911958e-42
4.60616577e-24
2.77484227e-26
2.26129410e-25
2.03256032e-13
1.52190600e-23
4.32385016e-23
4.38776735e-21
1.21319516e-22
3.01778690e-27
7.25596415e-22
2.25803120e-24
1.00301974e-23
2.53014262e-30
2.49559443e-36
1.84553054e-25
8.34768935e-23
1.17021869e-24
Run 30, std dev: 1.19564469e-12, mean: 2.29921514e-13
