1.04941960e-11
1.79993151e-16
6.15732243e-14
1.21015592e-03
1.33172271e-04
5.19058691e-14
8.98039174e-14
3.75105969e-17
5.53393857e-16
6.84420454e-14
4.54954843e-14
6.27277938e-17
5.10690764e-16
4.69789708e-14
7.25916030e-14
7.97802177e-14
3.78916439e-14
3.39205643e-18
1.79170885e-16
1.10013285e-14
2.83941982e-15
2.49878701e-15
6.40521571e-16
2.68897196e-16
7.07203886e-16
5.50563671e-04
1.67856051e-12
1.25579267e-15
3.02924350e-16
1.95702227e-15
Run 30, std dev: 2.35638967e-04, mean: 6.31297292e-05
