1.94542470e-05
2.25484398e-02
2.21434992e-01
1.18368746e-07
1.05808567e+00
3.84943647e-02
2.87930756e-01
4.38681936e+00
1.17644578e-07
8.40224680e+00
1.10897014e-05
6.32198575e-09
1.72958736e-01
4.47129751e-01
1.44430091e-06
3.45403650e-06
1.68787537e+00
1.45651410e-05
1.54885854e+00
5.51659230e+00
4.28412878e-07
1.88299355e+00
5.23439024e-02
5.71970926e-07
1.66403418e+00
7.77232506e-07
5.18281042e-07
3.37072463e+00
2.32170393e+00
6.67749395e-05
Run 30, std dev: 1.94587457e+00, mean: 1.10276315e+00
