1.16674395e-30
5.58888367e-30
3.50878689e-29
1.55897966e-29
5.58900613e-30
2.17724972e-30
2.80985526e-29
1.27017355e-29
3.07733048e-31
3.99299753e-32
5.73576125e-30
4.47869037e-30
2.30720641e-30
6.02008129e-30
8.11806260e-31
1.10801390e-30
5.04161289e-30
1.24418897e-30
7.70964033e-30
5.44604596e-31
9.63488761e-31
3.78415173e-30
6.07900045e-32
8.68709338e-30
6.45453365e-31
3.51749355e-31
3.55283081e-30
4.82412655e-29
1.85899731e-30
1.43881929e-30
Run 30, std dev: 1.10005579e-29, mean: 7.03112486e-30
