1.23417953e-158
7.02385471e-157
2.32419522e-159
7.21734294e-156
1.09047599e-158
1.19728790e-156
3.00392964e-158
5.52135236e-160
1.12232962e-156
1.42211844e-157
5.00917158e-157
9.94813328e-159
7.36099259e-159
2.60153681e-157
2.85845637e-158
4.94029549e-158
2.14264694e-159
2.59076419e-158
2.90756188e-158
1.59050853e-159
1.36558097e-159
1.03152934e-157
7.84800977e-157
4.67216026e-158
2.39465813e-157
4.42845809e-158
2.75339337e-159
2.50690931e-157
1.07332159e-157
8.32529445e-159
Run 30, std dev: 1.30129437e-156, mean: 4.31389904e-157
