6.37546722e-02
6.37546722e-02
6.37546722e-02
6.37546722e-02
6.37546722e-02
6.37546722e-02
6.37546722e-02
6.37546722e-02
6.37546722e-02
6.37546722e-02
6.37546722e-02
6.37546722e-02
6.37546722e-02
6.37546722e-02
6.37546722e-02
6.37546722e-02
6.37546722e-02
6.37546722e-02
6.37546722e-02
6.37546722e-02
6.37546722e-02
6.37546722e-02
6.37546722e-02
6.37546722e-02
6.37546722e-02
6.37546722e-02
6.37546722e-02
6.37546722e-02
6.37546722e-02
6.37546722e-02
Run 30, std dev: 1.84324952e-13, mean: 6.37546722e-02
