1.11022302e-16
2.44249065e-15
2.10942375e-15
0.00000000e+00
2.77555756e-15
7.86370968e-13
0.00000000e+00
0.00000000e+00
4.44089210e-16
0.00000000e+00
0.00000000e+00
0.00000000e+00
0.00000000e+00
0.00000000e+00
9.76996262e-15
0.00000000e+00
0.00000000e+00
0.00000000e+00
3.05311332e-14
0.00000000e+00
4.44089210e-16
0.00000000e+00
0.00000000e+00
0.00000000e+00
2.08721929e-14
0.00000000e+00
0.00000000e+00
0.00000000e+00
0.00000000e+00
0.00000000e+00
Run 30, std dev: 1.40883392e-13, mean: 2.85290310e-14
