7.40394549e-02
1.07235453e-01
1.24578221e-01
1.00665973e-01
8.74284340e-02
7.72504873e-02
6.11793640e-02
1.09288257e-01
9.47261780e-02
8.48065638e-02
1.14354784e-01
9.15202211e-02
9.90073203e-02
4.96703800e-02
8.93557597e-02
1.18985087e-01
1.14657352e-01
1.20606580e-01
9.38284375e-02
5.57696161e-02
9.24129689e-02
1.23367255e-01
1.10485964e-01
7.54115140e-02
9.76945743e-02
1.02655518e-01
7.25520520e-02
1.10944896e-01
8.70130930e-02
1.16472225e-01
Run 30, std dev: 1.97899248e-02, mean: 9.52654661e-02
