-2.96308839e+01
-2.96308839e+01
-2.96308839e+01
-2.96308839e+01
-2.96308839e+01
-2.96308839e+01
-2.96308839e+01
-2.96308839e+01
-2.96308839e+01
-2.96308839e+01
-2.96308839e+01
-2.96308839e+01
-2.96308839e+01
-2.96308839e+01
-2.96308839e+01
-2.96308839e+01
-2.96308839e+01
-2.96308839e+01
-2.96308839e+01
-2.96308839e+01
-2.96308839e+01
-2.96308839e+01
-2.96308839e+01
-2.96308839e+01
-2.96308839e+01
-2.96308839e+01
-2.96308839e+01
-2.96308839e+01
-2.96308839e+01
-2.96308839e+01
Run 30, std dev: 7.10542736e-15, mean: -2.96308839e+01
