3.81826985e-04
3.81826985e-04
3.81826985e-04
3.81826985e-04
3.81826985e-04
1.18438716e+02
3.81826985e-04
3.81826985e-04
3.81826985e-04
3.81826985e-04
3.81826985e-04
3.81826985e-04
3.81826985e-04
3.81826985e-04
3.81826985e-04
3.81826985e-04
3.81826985e-04
3.81826985e-04
3.81826985e-04
3.81826985e-04
3.81826985e-04
3.81826985e-04
3.81826985e-04
3.81826985e-04
1.18438716e+02
3.81826985e-04
3.81826985e-04
3.81826985e-04
3.81826985e-04
3.81826985e-04
Run 30, std dev: 2.95437113e+01, mean: 7.89627080e+00
