6.90739670e-34
4.75568348e-33
9.52429958e-36
1.26511455e-34
1.07980728e-34
1.32808330e-34
6.97180054e-33
2.30734345e-33
3.22942339e-34
3.25379318e-38
8.38136205e-35
2.51488413e-34
1.21896523e-34
6.03808299e-36
3.73316164e-35
7.92796613e-33
6.33958189e-34
7.90467379e-35
1.24125763e-34
1.78976433e-35
8.06805154e-34
3.04310336e-34
2.52629714e-35
9.61354219e-35
7.03487544e-33
3.42101593e-35
3.46993685e-36
1.57479160e-35
3.01236605e-34
4.47886775e-35
Run 30, std dev: 2.26378681e-33, mean: 1.11252574e-33
