1.26178603e-39
3.22818094e-41
4.01176956e-41
5.41608652e-40
2.41991769e-38
1.16432857e-41
4.90158028e-41
1.79918482e-42
3.10995542e-44
2.92307761e-43
4.56075068e-43
3.38482370e-42
1.05520739e-41
4.71486884e-44
1.07092639e-42
1.99995682e-42
2.95761913e-42
1.13466093e-42
1.58401833e-42
1.38367630e-43
2.15309393e-47
1.59871857e-40
6.52784724e-44
5.11554535e-43
6.40168206e-42
2.48503011e-43
9.49282860e-40
7.53721340e-43
1.72015302e-43
4.83325458e-45
Run 30, std dev: 4.33441266e-39, mean: 9.09279693e-40
