4.51705430e-127
8.52226091e-143
1.51898317e-138
2.87858833e-147
2.64101661e-156
3.20137026e-144
9.75485467e-136
1.06372251e-128
6.16375040e-152
2.58474616e-130
1.32618761e-142
7.73413032e-144
4.96393937e-146
1.21163398e-143
9.33238380e-131
3.61700407e-139
6.49054212e-132
2.28212026e-139
1.56343727e-144
3.38986411e-138
1.56132938e-123
5.36110915e-128
1.58740024e-148
9.49630000e-143
3.05855549e-132
8.52604593e-122
7.26085191e-137
7.32955402e-128
8.02992741e-122
1.26420901e-148
Run 30, std dev: 2.06468471e-122, mean: 5.57072174e-123
