8.72593712e-31
1.30905267e-29
3.19418680e-31
4.00112826e-31
7.83135806e-30
6.68278339e-30
1.22828512e-29
1.32501772e-32
2.64458080e-29
4.39919670e-32
8.00622034e-30
3.69184934e-29
3.15358903e-31
4.69421918e-31
9.59677792e-31
1.71749948e-29
2.17742448e-30
1.21473787e-31
4.62604634e-31
3.18262027e-31
1.30954482e-30
1.16598347e-29
3.13249057e-31
2.65680266e-29
7.86791652e-30
3.94142539e-29
2.74097751e-29
7.90495929e-29
1.51914335e-30
3.04991564e-30
Run 30, std dev: 1.69606826e-29, mean: 1.11022626e-29
