1.38380122e-41
1.68159214e-43
2.37900261e-41
3.84228520e-43
8.68862003e-45
3.42953075e-40
5.73465438e-38
1.51909826e-41
3.50424091e-41
2.34753106e-38
2.32129471e-39
3.78238147e-43
4.91839246e-41
2.32169424e-40
3.43936837e-39
1.07358458e-39
3.84502677e-41
1.56883314e-42
2.36208620e-41
9.78039152e-42
7.66164995e-40
3.12096831e-44
1.95155384e-39
1.31491040e-41
1.13796492e-45
5.66941475e-40
3.92081246e-40
1.24722420e-39
1.56903064e-40
2.28740519e-38
Run 30, std dev: 1.14545812e-38, mean: 3.88035773e-39
