0.00000000e+00
0.00000000e+00
0.00000000e+00
0.00000000e+00
0.00000000e+00
0.00000000e+00
0.00000000e+00
2.22044605e-16
0.00000000e+00
0.00000000e+00
0.00000000e+00
0.00000000e+00
0.00000000e+00
0.00000000e+00
0.00000000e+00
0.00000000e+00
0.00000000e+00
0.00000000e+00
2.22044605e-16
0.00000000e+00
2.19158025e-13
0.00000000e+00
0.00000000e+00
0.00000000e+00
0.00000000e+00
0.00000000e+00
1.09912079e-14
0.00000000e+00
0.00000000e+00
3.10862447e-15
Run 30, std dev: 3.93023559e-14, mean: 7.79006489e-15
