1.00273781e-01
9.38600107e-02
8.40755733e-02
1.24483195e-01
1.15556381e-01
1.27794226e-01
8.10667170e-02
9.68820503e-02
1.42208984e-01
1.09084063e-01
1.05851673e-01
1.14556506e-01
7.44856465e-02
7.96713776e-02
1.06652149e-01
8.53800826e-02
9.47258125e-02
9.53594749e-02
8.90203836e-02
7.91469389e-02
1.30780822e-01
1.12492343e-01
7.81975869e-02
6.78448974e-02
8.68592107e-02
4.61782061e-02
7.64442241e-02
9.61375606e-02
8.26316575e-02
8.80198975e-02
Run 30, std dev: 2.03363089e-02, mean: 9.55240478e-02
