3.94693501e-02
3.54167469e-02
4.07935683e-02
2.91860866e-02
2.82019865e-02
1.43532343e-02
2.42703570e-02
5.19850281e-02
2.72130602e-02
2.43412874e-02
2.70274968e-02
1.97176120e-02
3.55526013e-02
3.33100180e-02
2.53671910e-02
1.86720955e-02
1.81647208e-02
4.15846691e-02
5.96565142e-02
1.73680511e-02
1.02685026e-02
2.80632264e-02
2.77304778e-02
2.64657631e-02
2.34813984e-02
3.52947646e-02
3.91139086e-02
4.18216608e-02
3.26712066e-02
6.31362431e-03
Run 30, std dev: 1.14340810e-02, mean: 2.94292070e-02
