1.94463219e-01
2.60207643e-01
2.46768851e-01
1.97135985e-01
2.23146578e-01
2.05859289e-01
2.40879067e-01
1.93977658e-01
1.80097409e-01
1.90115579e-01
2.08305666e-01
2.27490122e-01
1.64170192e-01
2.19211911e-01
2.68715671e-01
1.88916645e-01
2.01239004e-01
2.17422554e-01
2.42794613e-01
2.53967444e-01
2.70200101e-01
2.41606598e-01
1.92574315e-01
2.17147963e-01
2.39282259e-01
2.59655569e-01
2.68100421e-01
2.71411836e-01
3.03520047e-01
1.87356091e-01
Run 30, std dev: 3.34954418e-02, mean: 2.25858010e-01
