-2.96308839e+01
-2.96308839e+01
-2.96308839e+01
-2.96308839e+01
-2.96308839e+01
-2.96308839e+01
-2.96308839e+01
-2.96308839e+01
-2.96308839e+01
-2.96308839e+01
-2.96308839e+01
-2.96308839e+01
-2.96308839e+01
-2.96308839e+01
-2.96308839e+01
-2.96308839e+01
-2.96308839e+01
-2.96308839e+01
-2.96308839e+01
-2.96308839e+01
-2.96308839e+01
-2.96308839e+01
-2.96308839e+01
-2.96308839e+01
-2.96308839e+01
-2.96308839e+01
-2.96308839e+01
-2.96308839e+01
-2.96308839e+01
-2.96308839e+01
Run 30, std dev: 1.10044315e-13, mean: -2.96308839e+01
