6.08869842e-20
2.24695330e-21
1.39824423e-19
9.40216866e-20
5.60336796e-20
3.80719622e-22
1.31761651e-22
1.18248425e-21
8.35456471e-22
1.29998100e-20
4.24654346e-22
7.99407261e-22
2.38748067e-19
3.94962266e-21
3.50836324e-22
6.39731917e-20
1.46971434e-18
1.28631305e-19
2.26744706e-21
5.75317828e-20
3.60310881e-20
2.60473645e-23
3.07861352e-21
4.29707154e-22
2.73555070e-19
1.18796293e-19
3.03763471e-21
5.16713049e-20
2.72694415e-21
2.61413792e-19
Run 30, std dev: 2.65853145e-19, mean: 1.02856703e-19
