3.81826985e-04
3.81826985e-04
3.81826985e-04
3.81826985e-04
3.81826985e-04
3.81826985e-04
3.81826985e-04
3.81826985e-04
3.81826985e-04
3.81826985e-04
3.81826985e-04
3.81826985e-04
3.81826985e-04
3.81826985e-04
3.81826985e-04
3.81826985e-04
3.81826985e-04
3.81826985e-04
3.81826985e-04
3.81826985e-04
1.18438716e+02
3.81826985e-04
3.81826985e-04
3.81826985e-04
3.81826985e-04
3.81826985e-04
3.81826985e-04
3.81826985e-04
3.81826985e-04
3.81826985e-04
Run 30, std dev: 2.12603317e+01, mean: 3.94832631e+00
