1.27275662e-04
1.27275662e-04
1.27275662e-04
1.27275662e-04
1.27275662e-04
1.27275662e-04
1.27275662e-04
1.27275662e-04
1.27275662e-04
1.27275662e-04
1.27275662e-04
1.27275662e-04
1.27275662e-04
1.27275662e-04
1.27275662e-04
1.27275662e-04
1.27275662e-04
1.27275662e-04
1.27275662e-04
1.27275662e-04
1.27275662e-04
1.27275662e-04
1.27275662e-04
1.27275662e-04
1.27275662e-04
1.27275662e-04
1.27275662e-04
1.27275662e-04
1.27275662e-04
1.27275662e-04
Run 30, std dev: 0.00000000e+00, mean: 1.27275662e-04
