6.17351190e-35
1.16018683e-34
3.46656823e-34
2.81873498e-35
2.86338183e-33
5.05620207e-35
1.08069656e-34
7.13314097e-34
8.09320908e-35
4.67384047e-35
1.40854579e-33
2.18550735e-33
7.67153660e-33
1.13185432e-33
3.48831528e-33
7.88549531e-34
3.17119062e-34
5.34805292e-34
6.09633969e-34
7.20487835e-35
7.71581832e-34
2.80948480e-34
3.92776551e-34
2.47046176e-33
3.90889625e-33
1.95814544e-33
3.53016002e-33
1.57188315e-33
1.92850321e-33
1.85644337e-34
Run 30, std dev: 1.65042503e-33, mean: 1.32075044e-33
