5.07983147e-63
1.79966887e-57
1.01440902e-60
2.41470209e-65
1.23003690e-64
5.75342282e-63
5.72017795e+00
1.54625466e-62
6.48304265e-61
7.92226123e-62
2.67846159e-63
1.61989343e-66
3.93911839e-60
6.86219435e-55
1.21677038e-64
1.08304465e-62
1.08077050e-62
3.21426452e-66
1.04494821e-63
3.68367158e-55
1.42570724e-60
2.24994863e+00
1.51119811e-63
3.06770057e-62
1.59528613e-56
2.57439592e-63
1.17071543e-60
6.60739229e-66
1.07263941e-63
4.92184037e-63
Run 30, std dev: 1.09034053e+00, mean: 2.65670886e-01
