2.83818441e-64
2.64529030e-65
4.15682340e-66
1.43597716e-63
1.95646702e-63
9.17025547e-68
1.70237804e-65
8.04968703e-67
1.34906252e-65
1.41671139e-64
9.52640184e-67
1.91733000e-67
1.02325678e-64
2.68813160e-66
2.85748077e-66
1.40958264e-67
3.63648304e-65
4.45565599e-64
5.09929194e-64
7.95323291e-66
1.26825302e-65
1.34081687e-64
5.88785347e-63
3.45524014e-65
1.15256245e-58
1.12759751e-64
2.62834621e-62
9.11025887e-66
1.05325602e-63
1.77839540e-64
Run 30, std dev: 2.06888901e-59, mean: 3.84316464e-60
