2.10942375e-15
0.00000000e+00
6.66133815e-16
0.00000000e+00
0.00000000e+00
2.22044605e-16
4.44089210e-16
0.00000000e+00
6.10622664e-14
3.33066907e-16
0.00000000e+00
4.44089210e-16
0.00000000e+00
0.00000000e+00
0.00000000e+00
1.11022302e-15
7.92699240e-13
1.11022302e-16
0.00000000e+00
5.55111512e-16
0.00000000e+00
0.00000000e+00
4.01900735e-14
0.00000000e+00
8.88178420e-16
0.00000000e+00
1.66533454e-14
0.00000000e+00
0.00000000e+00
4.44089210e-15
Run 30, std dev: 1.42090228e-13, mean: 3.07309733e-14
