6.37546722e-02
6.37546722e-02
6.37546722e-02
6.37546722e-02
6.37546722e-02
6.37546722e-02
6.37546722e-02
6.37546722e-02
6.37546722e-02
6.37546722e-02
6.37546722e-02
6.37546722e-02
6.37546722e-02
6.37546722e-02
6.37546722e-02
6.37546722e-02
6.37546722e-02
6.37546722e-02
6.37546722e-02
6.37546722e-02
6.37546722e-02
6.37546722e-02
6.37546722e-02
6.37546722e-02
6.37546722e-02
6.37546722e-02
6.37546722e-02
6.37546722e-02
6.37546722e-02
6.37546722e-02
Run 30, std dev: 8.80019244e-14, mean: 6.37546722e-02
