6.56296019e-02
9.28335138e-02
7.66927123e-02
5.16688493e-02
8.88458591e-02
1.04374856e-01
6.56255396e-02
8.85057737e-02
9.09944603e-02
1.01073720e-01
8.66662169e-02
7.61302193e-02
8.81960783e-02
7.96116539e-02
9.72223761e-02
5.57467137e-02
9.27911325e-02
7.94537756e-02
1.13334491e-01
6.79778373e-02
8.75973307e-02
7.99443070e-02
9.91772709e-02
8.20032495e-02
1.06433735e-01
7.48133603e-02
9.32794088e-02
6.61876974e-02
1.10458240e-01
8.78678228e-02
Run 30, std dev: 1.51468314e-02, mean: 8.50379267e-02
