1.75535389e-01
2.34893031e-01
2.38387710e-01
2.13523592e-01
1.96000855e-01
2.43329428e-01
1.71256707e-01
2.17318040e-01
2.81036587e-01
2.72291408e-01
2.38679062e-01
2.03398636e-01
2.43938238e-01
2.11441744e-01
1.72801901e-01
2.41220899e-01
1.81966059e-01
2.54158462e-01
2.32807991e-01
2.55138264e-01
1.90868242e-01
1.84276177e-01
1.90025839e-01
2.45633299e-01
2.24556443e-01
1.34733431e-01
2.35289763e-01
2.35771547e-01
2.16604320e-01
1.94490022e-01
Run 30, std dev: 3.28949727e-02, mean: 2.17712436e-01
