-1.80130341e+00
-1.80130341e+00
-1.80130341e+00
-1.80130341e+00
-1.80130341e+00
-1.80130341e+00
-1.80130341e+00
-1.80130341e+00
-1.80130341e+00
-1.80130341e+00
-1.80130341e+00
-1.80130341e+00
-1.80130341e+00
-1.80130341e+00
-1.80130341e+00
-1.80130341e+00
-1.80130341e+00
-1.80130341e+00
-1.80130341e+00
-1.80130341e+00
-1.80130341e+00
-1.80130341e+00
-1.80130341e+00
-1.80130341e+00
-1.80130341e+00
-1.80130341e+00
-1.80130341e+00
-1.80130341e+00
-1.80130341e+00
-1.80130341e+00
Run 30, std dev: 6.66133815e-16, mean: -1.80130341e+00
