2.32060315e-32
3.07300742e-32
8.54621496e-33
2.06160974e-33
5.75003679e-32
6.90335147e-33
3.13351731e-32
2.26141761e-34
1.24730777e-32
4.51443272e-34
1.03024657e-32
4.76736524e-32
4.11246261e-31
3.59639684e-34
4.07216164e-31
1.16677744e-32
3.12877583e-33
1.32720080e-31
1.09149741e-32
1.56982958e-32
1.31274547e-32
1.71721237e-34
2.16189057e-31
1.85940456e-32
7.67529395e-32
3.79471425e-32
8.21469411e-33
2.70161841e-31
1.47833380e-34
6.61549633e-33
Run 30, std dev: 1.11406575e-31, mean: 6.24094598e-32
