3.99680289e-15
3.99680289e-15
3.99680289e-15
3.99680289e-15
3.99680289e-15
3.99680289e-15
3.99680289e-15
3.99680289e-15
3.99680289e-15
3.99680289e-15
3.99680289e-15
3.99680289e-15
3.99680289e-15
3.99680289e-15
3.99680289e-15
3.99680289e-15
3.99680289e-15
3.99680289e-15
3.99680289e-15
3.99680289e-15
3.99680289e-15
3.99680289e-15
4.44089210e-16
3.99680289e-15
3.99680289e-15
3.99680289e-15
3.99680289e-15
4.44089210e-16
3.99680289e-15
3.99680289e-15
Run 30, std dev: 8.86202492e-16, mean: 3.75995531e-15
