2.28832174e-29
5.23144284e-29
9.01017618e-30
1.84698863e-29
1.70281709e-30
1.87220976e-29
4.09449584e-31
2.70234308e-31
2.63703013e-29
7.41801782e-31
1.90018590e-30
6.13543575e-30
1.65884346e-30
1.02608157e-30
1.29191200e-30
2.99527093e-30
4.86445131e-31
5.32783589e-31
1.37497537e-30
2.96625014e-30
3.33560907e-30
2.65409127e-31
1.68096982e-29
3.94810989e-29
6.78537639e-31
5.65553215e-32
4.56027887e-30
1.33719150e-30
1.85370569e-30
2.16805951e-30
Run 30, std dev: 1.25617489e-29, mean: 8.06029126e-30
