7.75825051e-50
8.09312303e-49
1.06026652e-50
3.77010657e-50
3.04188212e-49
3.62053859e-49
1.84386743e-49
2.50127834e-49
1.20391244e-48
1.39907740e-49
1.42243281e-49
2.94263455e-50
1.54045706e-49
4.33177939e-50
2.83812293e-50
1.13923521e-48
2.02116653e-50
2.66268791e-50
4.01572133e-50
1.78344452e-49
4.60704989e-50
1.77951845e-49
1.78147800e-49
5.97824484e-50
3.99509345e-50
9.40336153e-50
2.61961153e-49
1.78478580e-50
4.00679041e-49
1.26704397e-49
Run 30, std dev: 3.00628017e-49, mean: 2.19496491e-49
