2.50167294e-158
1.03380384e-159
6.63400899e-158
1.03334824e-157
1.80375266e-157
2.74743740e-158
3.00679016e-158
1.33078903e-158
3.64906566e-157
9.64418992e-157
8.34044591e-158
2.41447747e-158
6.03998702e-156
2.10404787e-157
7.39372996e-156
8.12756073e-159
2.76109120e-158
4.38055832e-158
3.64574563e-159
2.52328561e-158
3.95690253e-157
2.83147928e-158
7.04918250e-160
1.50674396e-157
1.33631744e-156
1.70702438e-157
6.08811969e-157
3.00080524e-159
5.15514846e-157
4.49267397e-159
Run 30, std dev: 1.66436971e-156, mean: 6.28353154e-157
