0.00000000e+00
0.00000000e+00
0.00000000e+00
0.00000000e+00
0.00000000e+00
0.00000000e+00
2.22044605e-16
0.00000000e+00
0.00000000e+00
0.00000000e+00
4.47641924e-13
4.44089210e-16
0.00000000e+00
1.33226763e-15
0.00000000e+00
0.00000000e+00
2.88657986e-15
0.00000000e+00
0.00000000e+00
0.00000000e+00
0.00000000e+00
0.00000000e+00
0.00000000e+00
2.22044605e-16
0.00000000e+00
0.00000000e+00
8.88178420e-16
0.00000000e+00
0.00000000e+00
0.00000000e+00
Run 30, std dev: 8.03191403e-14, mean: 1.51212376e-14
