2.16807256e-01
2.00082978e-01
2.03329761e-01
1.73533770e-01
1.98755733e-01
1.91902380e-01
2.25015727e-01
1.94226369e-01
2.09663686e-01
2.34834168e-01
2.23847467e-01
2.10884908e-01
2.17410131e-01
1.92401825e-01
2.03663928e-01
2.55034634e-01
2.46676900e-01
1.78585248e-01
2.24808766e-01
2.64998791e-01
2.56691759e-01
1.62327871e-01
2.43867032e-01
1.99552522e-01
2.39683242e-01
2.14177196e-01
1.83728985e-01
1.92804082e-01
1.39680626e-01
2.52349826e-01
Run 30, std dev: 2.91601873e-02, mean: 2.11710919e-01
