4.71560533e-02
1.20958769e-02
2.87787741e-02
7.54517785e-03
2.71499724e-02
3.83652920e-02
3.23298694e-02
1.96659796e-02
3.18227894e-02
2.81099595e-02
4.79728382e-02
3.06253829e-02
2.22367922e-02
2.60953262e-02
2.42125103e-02
1.72229841e-02
2.84767253e-02
2.66599188e-02
4.92865150e-02
2.04511625e-02
4.06870536e-02
1.91581779e-02
9.95215999e-03
2.49074703e-02
1.80794955e-02
2.08859545e-02
1.46001990e-02
5.29174003e-02
4.69374399e-02
3.66183038e-02
Run 30, std dev: 1.19553419e-02, mean: 2.83667852e-02
