7.82345444e-02
9.34709359e-02
9.05452766e-02
9.56293960e-02
8.72637953e-02
7.23371282e-02
1.01971442e-01
1.04611191e-01
9.24582322e-02
9.57353915e-02
6.63159706e-02
6.90462807e-02
6.35377558e-02
1.10242368e-01
8.71246940e-02
1.16070089e-01
8.65503946e-02
6.08959051e-02
5.76668083e-02
6.09892269e-02
8.94926335e-02
8.98125208e-02
5.98043497e-02
9.05098300e-02
6.32010451e-02
8.02318438e-02
9.54709592e-02
1.13131994e-01
1.03179159e-01
9.00330764e-02
Run 30, std dev: 1.66371024e-02, mean: 8.55188079e-02
