6.05658624e-17
7.22397013e-17
5.15745451e-20
2.45929921e-18
4.46646246e-17
2.05971248e-20
6.77261402e-20
1.22666098e-16
7.16377344e-18
1.22782205e-17
1.27895221e-19
1.57410871e-17
2.33985247e-17
2.34938015e-19
1.70523694e-17
3.64093512e-17
5.20658037e-17
2.83806132e-19
1.02081439e-17
1.93472825e-18
5.22733856e-16
1.12491899e-15
4.81652243e-18
6.93806985e-18
1.15643501e-15
2.72165719e-19
7.94831490e-17
8.30940000e-17
2.35102699e-17
1.29771978e-19
Run 30, std dev: 2.89661465e-16, mean: 1.16065531e-16
