6.68438845e-59
3.49600961e-57
9.43676128e-60
1.91365948e-58
4.40234521e-63
1.21757049e-57
4.69616221e-59
3.25191767e-62
3.96026089e-58
3.67343561e-57
2.06872160e-57
6.87385751e-62
1.12226282e-60
2.85890525e-57
3.69009970e-57
1.74381376e-62
6.06003198e-56
2.59542225e-60
4.38367543e-61
1.50388556e-57
3.37145726e-57
1.38225340e-58
1.24140790e-61
8.71934639e-59
1.45230675e-58
3.44249168e-59
5.08384550e-62
2.10593788e-59
3.81181742e-57
6.33160855e-60
Run 30, std dev: 1.08000280e-56, mean: 2.91465920e-57
