1.83028842e-35
1.29624212e-33
1.51703558e-34
7.15715419e-34
5.97376168e-34
1.81253195e-34
3.63647202e-34
3.58381393e-34
3.90126234e-33
2.69131740e-34
4.06601461e-35
7.28235955e-35
7.55280862e-35
4.07030894e-33
7.13966604e-36
6.69859945e-34
3.88830348e-34
8.91120971e-34
1.60898951e-35
2.37236848e-34
1.44349618e-33
2.66863596e-35
3.08719838e-35
3.33862806e-36
8.63268802e-35
2.49723971e-34
1.98861928e-35
4.34420029e-34
1.86270810e-34
5.60047097e-35
Run 30, std dev: 9.84824510e-34, mean: 5.61988007e-34
