7.09840381e-41
4.98087831e-42
1.92460408e-44
1.61765636e-43
3.63409431e-40
2.90811841e-45
5.76330350e-44
8.11477199e-45
9.88924879e-42
1.00776136e-41
9.69914137e-44
3.99412020e-40
3.03166304e-42
1.09468969e-44
9.10924851e-44
9.63405455e-45
1.03578437e-39
6.39177862e-41
3.18560922e-42
1.18139507e-40
2.08323003e-43
2.33610736e-42
3.26598056e-42
4.51643088e-42
1.43706985e-40
1.08898619e-42
5.23906490e-43
6.45585078e-42
3.51817224e-43
7.48054700e-42
Run 30, std dev: 2.03250804e-40, mean: 7.51068479e-41
