1.55706310e-49
6.35283232e-50
2.46779620e-50
9.72829409e-50
1.84734670e-50
1.34141921e-49
1.16850841e-49
1.02894405e-50
8.74777010e-50
7.35290837e-49
6.64606282e-50
1.58751339e-50
1.82705830e-50
5.93903298e-50
4.45477143e-49
5.71062259e-49
7.70536027e-50
2.30598470e-50
5.77444620e-51
1.49610900e-48
1.56830289e-49
1.39809771e-49
1.22362749e-48
1.65111224e-49
9.28322066e-50
4.03155889e-50
2.35895137e-49
1.88936206e-49
4.80492096e-50
1.50457814e-49
Run 30, std dev: 3.46965062e-49, mean: 2.22137255e-49
