1.99524589e-31
2.54408648e-29
1.11337924e-29
2.80296223e-30
3.70529497e-30
1.88793356e-30
2.01115072e-29
5.91497883e-30
8.46787657e-30
3.47476590e-30
3.87391238e-30
1.42339353e-29
7.38391607e-30
2.99267257e-30
1.33925970e-29
5.20484575e-32
2.49884951e-31
4.04528136e-30
1.43815536e-29
1.06683801e-29
3.67660489e-31
1.13425891e-29
9.80061386e-32
6.72002712e-30
1.48756309e-29
5.57179769e-30
3.66463057e-30
1.13520368e-29
1.01685433e-29
3.75954464e-31
Run 30, std dev: 6.30158773e-30, mean: 7.29835199e-30
