7.42015337e-158
9.97170565e-157
2.72491854e-157
9.27569030e-158
3.01262887e-158
1.28032304e-155
4.71273373e-161
1.00842456e-155
3.33175673e-158
6.02597563e-157
3.74378751e-156
6.47752339e-160
1.13849277e-158
1.38181752e-157
1.50684004e-157
1.97830236e-159
6.86974676e-158
4.70956437e-159
3.72577667e-158
1.06521211e-157
6.97333012e-158
1.19051555e-158
1.21392682e-158
7.48759055e-158
1.23192137e-156
8.32038207e-156
2.49925757e-159
9.81872483e-158
7.73910287e-158
1.45805562e-160
Run 30, std dev: 3.16655209e-156, mean: 1.30510720e-156
