0.00000000e+00
1.11022302e-16
0.00000000e+00
0.00000000e+00
2.22044605e-15
0.00000000e+00
0.00000000e+00
8.34887715e-14
2.22044605e-16
0.00000000e+00
0.00000000e+00
0.00000000e+00
2.22044605e-16
6.83897383e-14
0.00000000e+00
1.94289029e-14
0.00000000e+00
0.00000000e+00
0.00000000e+00
2.10942375e-14
0.00000000e+00
2.22044605e-16
0.00000000e+00
1.45439216e-14
0.00000000e+00
0.00000000e+00
0.00000000e+00
0.00000000e+00
0.00000000e+00
0.00000000e+00
Run 30, std dev: 1.93368320e-14, mean: 6.99810580e-15
