2.24795326e-01
1.97221569e-01
1.66576835e-01
2.22362875e-01
2.21587062e-01
1.73070052e-01
2.03889673e-01
1.92632063e-01
2.08001045e-01
2.31273021e-01
2.12328006e-01
1.76783337e-01
2.32798721e-01
2.12309041e-01
1.76088827e-01
2.13356515e-01
2.34510892e-01
2.10388230e-01
1.95967629e-01
2.12775538e-01
2.58891790e-01
2.01647699e-01
2.18400332e-01
2.33598871e-01
1.73379775e-01
2.45867546e-01
2.38130349e-01
2.36730599e-01
1.32458153e-01
1.82821129e-01
Run 30, std dev: 2.71844621e-02, mean: 2.08021417e-01
