3.30701129e-02
3.67166719e-02
4.09581458e-02
3.07031038e-02
3.90702854e-02
3.60482519e-02
4.49799057e-02
6.20910858e-02
2.46873512e-02
4.45659864e-02
2.13627792e-02
3.68788381e-02
2.97180030e-02
3.88189254e-02
3.45982756e-02
3.07599515e-02
3.68205790e-02
3.94102978e-02
3.27001578e-02
3.72328180e-02
3.04512134e-02
3.09922416e-02
1.56670869e-02
5.57049218e-02
3.28203162e-02
4.09809144e-02
4.53200249e-02
2.72903944e-02
1.70027612e-02
4.16892027e-02
Run 30, std dev: 9.65228099e-03, mean: 3.56370201e-02
