4.27096195e-40
3.98211805e-41
4.79044003e-40
1.76995055e-43
8.91176620e-45
4.54756922e-43
2.39640060e-45
2.22059996e-39
1.07129370e-41
1.25725369e-41
1.56020832e-40
1.37477752e-39
1.09266802e-40
8.32765982e-41
1.21201820e-39
3.69764404e-42
3.99751053e-43
3.21086343e-43
4.22167758e-41
4.17440957e-44
2.16104430e-38
1.26397734e-38
1.22955605e-41
9.58694508e-41
5.34051190e-45
1.53237044e-41
1.93697554e-42
3.36466898e-42
3.61680102e-40
1.19544051e-40
Run 30, std dev: 4.39528431e-39, mean: 1.36775877e-39
