3.34838006e-60
1.05817353e-61
1.85408582e-60
1.56544845e-55
1.20213076e-61
2.30270514e-56
1.96518908e-59
6.40270224e-61
2.21812722e-61
9.82178059e-59
1.96041213e-60
5.92135336e-59
1.23996477e-58
5.38782949e-61
9.27498257e-55
2.02422150e-59
1.15444506e-60
1.29467277e-61
1.02726387e-58
7.25051094e-57
2.36323608e-61
3.15204080e-59
2.07760353e-59
1.22249083e-58
3.15411194e-61
2.07040414e-57
2.49054340e-59
1.08765985e-59
2.54200058e-59
1.15061205e-56
Run 30, std dev: 1.67632869e-55, mean: 3.76189203e-56
