3.99680289e-15
3.99680289e-15
3.99680289e-15
3.99680289e-15
3.99680289e-15
3.99680289e-15
3.99680289e-15
3.99680289e-15
3.99680289e-15
3.99680289e-15
3.99680289e-15
3.99680289e-15
3.99680289e-15
3.99680289e-15
3.99680289e-15
3.99680289e-15
3.99680289e-15
3.99680289e-15
3.99680289e-15
3.99680289e-15
3.99680289e-15
3.99680289e-15
3.99680289e-15
3.99680289e-15
3.99680289e-15
3.99680289e-15
3.99680289e-15
3.99680289e-15
3.99680289e-15
3.99680289e-15
Run 30, std dev: 0.00000000e+00, mean: 3.99680289e-15
