4.44089210e-16
4.44089210e-16
4.44089210e-16
4.44089210e-16
4.44089210e-16
4.44089210e-16
4.44089210e-16
4.44089210e-16
4.44089210e-16
4.44089210e-16
4.44089210e-16
4.44089210e-16
4.44089210e-16
4.44089210e-16
4.44089210e-16
4.44089210e-16
4.44089210e-16
4.44089210e-16
4.44089210e-16
4.44089210e-16
4.44089210e-16
4.44089210e-16
4.44089210e-16
4.44089210e-16
4.44089210e-16
4.44089210e-16
4.44089210e-16
4.44089210e-16
4.44089210e-16
4.44089210e-16
Run 30, std dev: 0.00000000e+00, mean: 4.44089210e-16
