4.03419776e-49
3.77918489e-50
2.41181867e-48
9.49516673e-50
3.37969356e-49
2.09598655e-48
6.71078288e-50
7.66199081e-50
9.99116625e-51
7.69820259e-50
2.00500903e-50
2.35147616e-49
3.45191282e-49
1.33820315e-50
2.40065102e-49
2.46940335e-50
4.66035856e-51
1.47418661e-50
9.21214713e-51
1.63342333e-49
1.37834904e-51
2.53417393e-50
8.45330379e-49
4.83328328e-50
8.83918525e-51
1.20269486e-48
5.80636622e-49
6.03670874e-50
2.25676988e-50
3.00371399e-48
Run 30, std dev: 7.55164695e-49, mean: 4.16077614e-49
