1.93337626e-01
2.39929153e-01
2.00278026e-01
2.74556081e-01
1.78803152e-01
2.03655020e-01
2.87602149e-01
1.63027305e-01
2.28314901e-01
2.35608058e-01
1.41275887e-01
2.28405302e-01
2.16216328e-01
1.47156850e-01
1.43292998e-01
1.92302809e-01
1.79109324e-01
2.48311547e-01
2.38431432e-01
1.69048931e-01
2.00426301e-01
2.50983548e-01
1.82494894e-01
2.33706879e-01
1.90693412e-01
2.24151066e-01
2.20290576e-01
1.93473812e-01
2.82420001e-01
1.92663511e-01
Run 30, std dev: 3.82806950e-02, mean: 2.09332229e-01
