7.99439613e-02
9.86207505e-02
8.90996691e-02
6.16468497e-02
6.95698123e-02
3.83979977e-02
7.80110044e-02
8.88410153e-02
1.04559828e-01
1.15266625e-01
7.52190971e-02
1.04189519e-01
8.91848397e-02
7.26303366e-02
1.05955134e-01
7.76279112e-02
8.11514628e-02
9.62355650e-02
1.20843789e-01
9.59270950e-02
1.15263315e-01
1.08683106e-01
9.18298890e-02
6.87877197e-02
9.18102658e-02
1.13431592e-01
1.26744145e-01
7.65927342e-02
1.01150805e-01
9.14024347e-02
Run 30, std dev: 1.90709785e-02, mean: 9.09539423e-02
