8.12487288e-16
3.14740528e-17
3.47145769e-17
1.15011139e-18
3.04915301e-16
4.34912534e-17
1.04480046e-16
2.62788749e-16
4.75285447e-18
3.89515023e-17
4.70422374e-17
1.40290773e-18
5.30877634e-18
7.33063286e-18
6.03856721e-17
2.62155278e-21
2.66724216e-17
2.71875721e-18
2.78576180e-17
1.39977642e-15
1.20965313e-17
4.44916237e-19
3.89586840e-18
1.57731680e-18
7.41909281e-18
3.47900218e-17
6.61609040e-18
1.01967077e-16
2.38505016e-18
9.87674570e-17
Run 30, std dev: 2.84118225e-16, mean: 1.16255441e-16
