3.46407412e-34
1.04317823e-33
8.56197695e-34
2.47470482e-34
5.39073131e-35
3.86708811e-33
5.48714945e-35
3.57860324e-35
5.99122976e-34
1.95445666e-34
1.85166981e-34
8.30471389e-34
4.97603137e-34
6.47385355e-35
9.82098340e-34
7.75379319e-34
3.16540875e-35
1.21051168e-35
3.12827886e-33
2.67421003e-35
6.90683004e-34
1.22198932e-33
1.52845017e-34
1.41046981e-36
9.80230309e-34
1.05466731e-33
7.59643219e-34
2.29378035e-34
4.90206659e-33
1.09604317e-33
Run 30, std dev: 1.13892014e-33, mean: 8.30755657e-34
