4.44089210e-16
4.44089210e-16
4.44089210e-16
4.44089210e-16
4.44089210e-16
4.44089210e-16
4.44089210e-16
3.99680289e-15
4.44089210e-16
4.44089210e-16
4.44089210e-16
3.99680289e-15
4.44089210e-16
4.44089210e-16
4.44089210e-16
4.44089210e-16
4.44089210e-16
4.44089210e-16
4.44089210e-16
4.44089210e-16
3.99680289e-15
4.44089210e-16
4.44089210e-16
4.44089210e-16
4.44089210e-16
3.99680289e-15
4.44089210e-16
4.44089210e-16
4.44089210e-16
4.44089210e-16
Run 30, std dev: 1.20769042e-15, mean: 9.17784367e-16
