5.46793986e-27
1.22801684e-30
2.82373431e-29
1.35861455e-27
5.43283491e-28
1.84931184e-28
1.19755020e-28
4.27002228e-28
1.34387659e-27
2.42151673e-28
2.79093114e-27
2.85880217e-28
8.36356966e-28
6.78695991e-29
4.34331344e-29
1.12162098e-26
2.35464901e-28
9.44810862e-27
7.22996921e-28
5.91307969e-29
2.64487904e-29
3.22241595e-29
2.94791362e-30
7.53979927e-29
2.22164121e-29
1.91815125e-28
1.56448461e-27
3.87239605e-29
1.67472060e-28
4.33549145e-30
Run 30, std dev: 2.67012862e-27, mean: 1.25164895e-27
