1.63427795e-41
1.41583745e-41
3.23495884e-41
0.00000000e+00
0.00000000e+00
8.04528272e-42
5.63571392e-39
8.65174180e-39
5.45359299e-41
9.27042126e-41
3.97742227e-40
0.00000000e+00
3.14702397e-40
2.43070401e-41
2.25624385e-40
4.39752361e-40
2.10667043e-39
7.81656762e-42
2.70462401e-36
2.85362215e-40
9.91436346e-39
6.64646994e-41
1.31101024e-42
0.00000000e+00
5.51948964e-41
8.79051666e-39
9.72725033e-39
4.71651045e-40
6.14091610e-40
9.57589772e-41
Run 30, std dev: 4.85207885e-37, mean: 9.17556061e-38
