2.14248665e-01
2.14248665e-01
2.14248665e-01
6.37546722e-02
6.37546722e-02
2.14248665e-01
6.37546722e-02
2.14248665e-01
6.37546722e-02
6.37546722e-02
6.37546722e-02
2.14248665e-01
2.14248665e-01
2.14248665e-01
6.37546722e-02
6.37546722e-02
2.14248665e-01
2.14248665e-01
2.14248665e-01
6.37546722e-02
2.14248665e-01
2.14248665e-01
6.37546722e-02
2.14248665e-01
6.37546722e-02
2.14248665e-01
2.14248665e-01
2.14248665e-01
2.14248665e-01
6.37546723e-02
Run 30, std dev: 7.37266985e-02, mean: 1.54051068e-01
