4.29328151e-02
3.47912532e-02
4.05716903e-02
4.12149056e-02
3.95952926e-02
2.81064398e-02
3.50711549e-02
2.85727629e-02
3.11350679e-02
3.24448546e-02
3.22885188e-02
1.95710590e-02
3.32025254e-02
5.85543202e-02
3.24732873e-02
3.74445164e-02
1.42047200e-02
3.70202987e-02
4.32875626e-02
2.87295034e-02
3.80254451e-02
4.45069067e-02
1.99445559e-02
4.46777826e-02
5.02121703e-02
2.55776028e-02
3.50124449e-02
4.39479237e-02
1.80831806e-02
4.05060727e-02
Run 30, std dev: 9.59323754e-03, mean: 3.50568878e-02
