-2.96308839e+01
-2.96308839e+01
-2.96308839e+01
-2.96308839e+01
-2.96308839e+01
-2.96308839e+01
-2.96308839e+01
-2.96308839e+01
-2.96308839e+01
-2.96308839e+01
-2.96308839e+01
-2.96308839e+01
-2.96308839e+01
-2.96308839e+01
-2.96308839e+01
-2.96308839e+01
-2.96308839e+01
-2.96308839e+01
-2.96308839e+01
-2.96308839e+01
-2.96308839e+01
-2.96308839e+01
-2.96308839e+01
-2.96308839e+01
-2.96308839e+01
-2.96308839e+01
-2.96308839e+01
-2.96308839e+01
-2.96308839e+01
-2.96308839e+01
Run 30, std dev: 2.66663188e-11, mean: -2.96308839e+01
