4.64603047e-17
2.37213601e-18
2.07513221e-18
1.07891426e-18
5.35796150e-16
3.69377245e-16
1.69156341e-17
2.06905243e-17
1.49127131e-16
6.11586912e-16
8.69499987e-16
1.44516724e-17
2.47549540e-18
1.78954197e-16
9.22049756e-18
1.52101039e-17
5.94506240e-18
1.12070328e-17
1.21230104e-18
2.38952913e-16
9.13058600e-19
5.77516978e-16
8.96870703e-17
3.91630929e-13
1.34137630e-18
4.36934058e-18
4.30853964e-17
4.88862155e-15
1.55409313e-18
4.72895225e-17
Run 30, std dev: 7.02512194e-14, mean: 1.33462639e-14
