2.72576679e-36
3.00777132e-39
2.37633459e-36
1.80504866e-36
2.18196069e-37
4.03979800e-37
6.08442421e-38
8.76416080e-37
1.71475970e-33
1.74678221e-38
7.55877964e-36
2.22314490e-33
4.82754571e-35
0.00000000e+00
1.14232341e-39
1.77187264e-38
1.50595458e-35
2.92211347e-35
5.86343771e-40
1.93815428e-39
3.09689120e-37
2.41322982e-37
4.98802568e-35
3.49292296e-39
1.05365957e-35
6.42035374e-36
3.43235374e-36
4.58848364e-38
1.09878357e-37
1.36492455e-35
Run 30, std dev: 4.93970859e-34, mean: 1.37705235e-34
