1  100 2  1 100 4
1  100 10 1 100 4
1  100 30 1 100 4
2  100 2  1 100 4
2  100 10 1 100 4
2  100 30 1 100 4
3  100 2  1 100 4
3  100 10 1 100 4
3  100 30 1 100 4
4  100 2  1 100 4
4  100 10 1 100 4
4  100 30 1 100 4
5  100 2  1 100 4
5  100 10 1 100 4
5  100 30 1 100 4
6  100 2  1 100 4
6  100 10 1 100 4
6  100 30 1 100 4
7  100 2  1 100 4
7  100 10 1 100 4
7  100 30 1 100 4
8  100 2  1 100 4
8  100 10 1 100 4
8  100 30 1 100 4
9  100 2  1 100 4
9  100 10 1 100 4
9  100 30 1 100 4
10 100 2  1 100 4
10 100 10 1 100 4
10 100 30 1 100 4