8.85997903e-02
9.97282336e-02
1.16821161e-01
7.59591664e-02
1.19018145e-01
9.56956862e-02
9.20279453e-02
8.47646782e-02
9.66500269e-02
8.66963659e-02
9.69430266e-02
1.02450708e-01
9.96560433e-02
1.03204738e-01
1.07234491e-01
7.50598814e-02
1.00418542e-01
1.15771252e-01
7.81589245e-02
6.57935875e-02
8.38031942e-02
1.16543784e-01
7.89677399e-02
3.12924497e-02
8.95503524e-02
8.58099857e-02
8.11936246e-02
1.16968596e-01
1.09520158e-01
9.36748349e-02
Run 30, std dev: 1.80135301e-02, mean: 9.29325704e-02
