1.92092422e-01
2.24256441e-01
2.33351411e-01
2.54170835e-01
2.28566408e-01
2.05143374e-01
2.05755585e-01
2.43230656e-01
2.00697335e-01
1.86100504e-01
1.90386724e-01
1.96598056e-01
2.84600845e-01
2.73768303e-01
2.39787464e-01
2.24870755e-01
2.73381575e-01
1.47021195e-01
2.01061647e-01
2.32079852e-01
2.09821267e-01
1.83888891e-01
2.13943705e-01
1.93443901e-01
2.24556474e-01
2.36580043e-01
3.15523629e-01
1.66372287e-01
2.69777694e-01
2.44222841e-01
Run 30, std dev: 3.62835232e-02, mean: 2.23168404e-01
