3.27870301e-02
3.78021230e-02
2.26049554e-02
2.00590386e-02
2.22784673e-02
2.59744425e-02
2.97249484e-02
2.97056578e-02
2.77184691e-02
1.74033450e-02
6.16815447e-02
2.05057294e-02
1.56767376e-02
3.77665746e-02
2.02680808e-02
2.38737911e-02
8.62056488e-03
7.40942996e-03
1.84888021e-02
2.69579302e-02
4.60804768e-02
2.08407975e-02
2.91906288e-02
3.44457267e-02
8.04777151e-03
3.71114659e-02
1.87443330e-02
1.93904580e-02
1.74110057e-02
2.94465720e-02
Run 30, std dev: 1.12183332e-02, mean: 2.56005633e-02
