3.39776357e-20
7.97372010e-21
3.63500588e-21
8.27880497e-19
2.94932848e-20
1.32686153e-19
2.68371713e-19
8.02563410e-21
2.49486653e-20
1.32023825e-21
2.16643410e-20
4.16601054e-22
3.83939088e-22
7.64936597e-21
3.07818628e-21
1.56866874e-20
7.84751533e-20
3.01818246e-20
2.71424006e-20
5.34588224e-21
8.19226654e-20
5.41614480e-20
8.36065581e-19
1.70548156e-20
7.65629557e-19
1.72887397e-22
4.70857709e-20
4.03718318e-20
2.06425861e-19
4.58862671e-21
Run 30, std dev: 2.38074630e-19, mean: 1.19393866e-19
