1.62176461e-66
5.28242505e-63
8.65740237e-53
3.58373809e-67
2.25300195e-67
2.61104470e-62
5.35283217e-67
3.84134978e-69
7.05919578e-67
1.43332087e-64
6.58583811e-66
2.13368040e-65
4.46588627e-65
3.39965087e-66
3.00947968e-67
3.55925089e-64
2.18512419e-65
8.95120182e-66
8.82319120e-65
5.34882747e-68
2.10444790e-65
1.17470715e-61
1.68816250e-66
3.94341239e-68
1.76958034e-66
4.54922743e-63
3.33205422e-66
2.92677824e-61
3.99262253e-63
1.91825515e-63
Run 30, std dev: 1.55405129e-53, mean: 2.88580080e-54
