5.94097796e-61
6.97919643e-66
1.46869077e-61
9.18816904e-62
1.87733579e-62
1.29648688e-60
1.32996472e-62
7.07346885e-60
1.04913545e-62
3.56106600e-63
8.90174734e-63
8.17628055e-62
4.19465083e-65
2.97975771e-62
8.52577683e-61
2.46076044e-65
3.46551139e-59
2.89774429e-65
2.73440507e-61
8.42413875e-63
1.42912288e-63
3.39850427e-62
3.07611287e-64
5.90667626e-58
6.68312396e-65
1.88453952e-64
3.92296509e-61
2.80659811e-59
2.44050655e-59
9.45435241e-59
Run 30, std dev: 1.06460274e-58, mean: 2.61089840e-59
