3.42508381e-35
9.47162404e-34
3.15208193e-34
1.07211560e-33
8.19426713e-35
8.41897228e-35
9.53562987e-35
1.40634549e-34
2.61055204e-33
6.85613618e-33
6.53887560e-35
8.78351556e-35
1.44692033e-34
7.23729419e-34
1.14500800e-33
1.99526012e-34
5.93932732e-34
1.01308078e-33
9.69887578e-35
1.02289052e-34
3.01518777e-34
1.10325193e-33
6.76694334e-34
2.42987436e-33
3.74958833e-34
1.40117399e-33
5.96792225e-34
2.60811611e-35
8.58790240e-34
9.47785906e-36
Run 30, std dev: 1.29978817e-33, mean: 8.06287764e-34
