7.54951657e-15
7.54951657e-15
7.54951657e-15
7.54951657e-15
7.54951657e-15
7.54951657e-15
7.54951657e-15
7.54951657e-15
7.54951657e-15
7.54951657e-15
7.54951657e-15
3.99680289e-15
7.54951657e-15
7.54951657e-15
3.99680289e-15
7.54951657e-15
7.54951657e-15
7.54951657e-15
7.54951657e-15
7.54951657e-15
7.54951657e-15
7.54951657e-15
7.54951657e-15
7.54951657e-15
7.54951657e-15
7.54951657e-15
7.54951657e-15
7.54951657e-15
7.54951657e-15
7.54951657e-15
Run 30, std dev: 8.86202492e-16, mean: 7.31266899e-15
