3.20948958e-01
3.26235425e-01
2.99962222e-01
3.56086539e-01
3.03578450e-01
2.28335346e-01
3.29771267e-01
2.26979916e-01
3.42018965e-01
2.97593014e-01
2.49077346e-01
2.40015289e-01
2.71006757e-01
3.20512491e-01
2.89209062e-01
2.57060154e-01
3.76934212e-01
3.02506629e-01
3.26869249e-01
2.87497935e-01
3.51668042e-01
2.72354947e-01
2.45835981e-01
3.47973410e-01
2.88328400e-01
2.82271230e-01
2.58379858e-01
2.38652706e-01
2.69823586e-01
2.79355864e-01
Run 30, std dev: 4.00270874e-02, mean: 2.92894775e-01
