1.48134093e-01
1.75381563e-01
1.25489571e-01
1.67617542e-01
1.56158771e-01
2.11586559e-01
1.90637537e-01
1.52161318e-01
2.55929764e-01
1.77229218e-01
1.50671921e-01
1.78457605e-01
2.10147944e-01
1.80507267e-01
1.38895310e-01
1.84471263e-01
1.88321022e-01
1.49530140e-01
1.64318999e-01
1.77508112e-01
1.61941152e-01
1.68848094e-01
1.33379604e-01
1.39135772e-01
1.45846300e-01
1.34291944e-01
1.40208935e-01
9.99285421e-02
2.23255694e-01
1.92533894e-01
Run 30, std dev: 3.15925364e-02, mean: 1.67417515e-01
