1.37837748e-03
3.50213313e-03
9.56485299e-03
1.28945595e-02
1.47636934e-02
5.54354165e-04
6.05741933e-03
2.53421224e-03
1.06403466e-02
4.88749757e-03
4.68859547e-03
2.85040090e-03
3.48185305e-03
1.24557639e-02
7.30640464e-03
4.49059482e-03
7.49955731e-03
2.98242998e-04
4.72959284e-03
6.67843021e-03
3.83373333e-03
4.95128704e-03
3.19529489e-03
1.63206648e-02
1.08343932e-03
2.85069691e-04
8.38143543e-03
4.34590108e-03
1.05009597e-02
5.44935077e-02
Run 30, std dev: 9.67465134e-03, mean: 7.62160585e-03
