5.23546476e-05
5.94712691e-01
3.43229252e+00
3.36876133e-02
3.55124593e+00
5.05042307e+00
5.67845987e-02
3.93304165e+00
5.73341910e+00
3.58664055e-01
4.03344105e+00
4.03058148e-01
2.59447296e-02
1.23309256e-01
9.21089600e-01
6.81295780e+00
3.40843882e+00
3.56524697e+00
5.80241065e-02
5.74457886e-03
3.16407262e+00
3.63674830e+00
4.32688053e-01
5.54427382e+00
3.96020432e+00
3.45209095e+00
2.02808025e-02
1.85846756e-03
1.46038225e+00
4.61404284e-03
Run 30, std dev: 2.12191432e+00, mean: 2.12595974e+00
