2.34807441e+01
2.65848068e+01
2.54819628e+01
2.55788943e+01
2.59144953e+01
2.11897186e+01
1.37090306e+01
2.35134796e+01
2.16420390e+01
2.27967093e+01
2.29844933e+01
2.36881579e+01
2.30585619e+01
2.25467666e+01
2.30653119e+01
2.37913688e+01
2.10793380e+01
2.59541321e+01
2.44690967e+01
2.47482769e+01
1.20545289e+01
2.23530716e+01
1.90803386e+01
3.40331052e+01
2.31668359e+01
2.17058237e+01
2.52063234e+01
2.63573004e+01
2.18779197e+01
2.52070957e+01
Run 30, std dev: 3.76401908e+00, mean: 2.32106576e+01
