1.11171105e-06
4.62520954e-08
3.77892217e-08
2.36765500e-08
3.10810557e-07
4.70074011e-07
2.20082834e-08
3.28034571e-07
4.78109563e-08
1.74529631e-06
8.21832063e-09
1.01119834e-06
7.19704867e-08
8.95482659e-07
3.29687243e-08
8.23060562e-08
9.27638024e-07
8.03491989e-07
3.63938154e-08
2.98701206e-06
8.13417626e-08
3.77337573e-08
1.29735738e-08
1.82153967e-07
1.13474579e-07
5.58189462e-08
1.20553455e-07
1.16747734e-06
4.38122235e-07
5.15943726e-08
Run 30, std dev: 6.51884924e-07, mean: 4.42046269e-07
