3.69905737e-22
2.75748292e-25
1.94794473e-25
5.61325938e-22
3.44321696e-22
1.03720132e-24
1.36143668e-22
5.74603290e-24
4.06510610e-22
1.05766540e-24
1.35706349e-21
2.01761492e-22
1.11307334e-22
1.04568408e-23
1.78393811e-20
3.33926093e-23
1.89582726e-24
3.61261817e-22
1.39943333e-22
2.49772541e-23
1.57600636e-23
9.92657125e-26
4.34464431e-24
7.71711800e-22
2.42172314e-24
2.79985257e-23
6.03298545e-24
1.15534231e-21
4.39860317e-23
8.54336356e-20
Run 30, std dev: 1.55168323e-20, mean: 3.64564311e-21
