5.57083532e-143
7.91229882e-143
1.74661481e-142
6.19856091e-145
6.33095228e-147
1.32521429e-141
1.92077818e-140
9.52196749e-145
3.22449050e-142
6.70917853e-145
3.81355370e-145
1.26542552e-144
4.96887308e-140
2.90195301e-141
1.81534318e-145
5.47631640e-145
7.05391515e-149
1.33330852e-148
2.43685373e-147
1.87953993e-147
1.06453158e-142
1.21122792e-140
1.83594150e-139
3.93527676e-146
8.37898033e-151
2.13856903e-139
2.31922245e-143
7.20507017e-148
6.87375331e-146
4.91914258e-142
Run 30, std dev: 4.98765179e-140, mean: 1.61315084e-140
