2.79535546e-158
6.16130216e-158
9.55683536e-158
3.20632716e-158
2.38283362e-157
8.46383370e-157
9.68971376e-160
1.20187269e-158
7.97919668e-158
1.75120063e-157
1.70432311e-156
4.97772483e-157
1.20910180e-158
7.42355067e-158
2.75511507e-157
9.41626069e-159
1.04757834e-159
9.53378527e-157
2.61926401e-157
2.32859608e-161
9.44392763e-158
5.91066513e-158
2.74666594e-156
8.80771724e-155
4.13286087e-157
1.19792298e-157
1.77361068e-158
4.78367369e-159
1.01043173e-155
8.83228085e-159
Run 30, std dev: 1.58016782e-155, mean: 3.56685408e-156
