1.29665038e-50
3.64724656e-50
1.28644457e-49
4.20014839e-50
4.75475844e-48
8.91724667e-50
4.55269481e-50
1.51735331e-50
1.59125388e-49
7.82380561e-50
7.91438247e-51
5.80356899e-50
1.03059755e-49
1.00945630e-50
1.02905669e-49
4.61909002e-50
6.94111683e-49
4.29232328e-50
1.30122897e-50
2.63292167e-47
1.34299581e-49
1.65884633e-50
2.41427940e-49
6.59191135e-49
3.62218530e-49
3.55991882e-49
3.02571877e-49
7.54950704e-50
2.41122026e-49
6.53936698e-50
Run 30, std dev: 4.74685506e-48, mean: 1.17412816e-48
