1.59006018e-29
1.98307852e-29
7.05424625e-31
6.03560228e-30
5.12672769e-30
4.04181655e-30
1.96929554e-29
3.65001080e-30
1.19928140e-30
3.26897231e-29
9.06282360e-30
8.91918553e-31
8.55968030e-30
1.04031033e-29
2.20183117e-30
7.62771910e-30
2.69499669e-30
7.09593109e-31
5.90529318e-30
2.39481575e-29
2.40302151e-30
3.21870753e-30
3.05846554e-30
2.73648619e-30
4.93725280e-30
1.29238600e-30
1.82901537e-30
1.04499435e-30
1.36407785e-29
5.05700997e-31
Run 30, std dev: 7.83489549e-30, mean: 7.18482847e-30
