0.00000000e+00
0.00000000e+00
0.00000000e+00
5.32907052e-15
2.88657986e-15
1.88737914e-15
0.00000000e+00
8.21565038e-15
0.00000000e+00
1.55431223e-15
2.22044605e-16
0.00000000e+00
0.00000000e+00
0.00000000e+00
0.00000000e+00
0.00000000e+00
5.55111512e-16
2.22044605e-16
0.00000000e+00
0.00000000e+00
0.00000000e+00
2.22044605e-16
5.55111512e-16
0.00000000e+00
0.00000000e+00
0.00000000e+00
0.00000000e+00
0.00000000e+00
0.00000000e+00
0.00000000e+00
Run 30, std dev: 1.78276376e-15, mean: 7.21644966e-16
