2.14248665e-01
2.14248665e-01
6.37546722e-02
6.37546722e-02
6.37546722e-02
2.14248665e-01
2.14248665e-01
2.14248665e-01
2.14248665e-01
2.14248665e-01
2.14248665e-01
2.14248665e-01
2.14248665e-01
6.37546722e-02
2.14248665e-01
6.37546722e-02
6.37546722e-02
2.14248665e-01
2.14248665e-01
2.14248665e-01
2.14248665e-01
2.14248665e-01
2.14248665e-01
2.14248665e-01
2.14248665e-01
6.37546722e-02
2.14248665e-01
2.14248665e-01
2.14248665e-01
2.14248665e-01
Run 30, std dev: 6.36518234e-02, mean: 1.79133400e-01
