6.02350767e-02
5.60082977e-02
3.90186382e-02
4.03850288e-02
1.98852294e-02
3.38402908e-02
3.18460339e-02
1.83751515e-02
3.90121982e-02
2.90524556e-02
4.88059525e-02
2.27032324e-02
2.54399130e-02
3.39028108e-02
5.67612076e-02
2.27733907e-02
3.02588042e-02
3.20559948e-02
2.05703337e-02
2.71922225e-02
2.19854345e-02
3.43016885e-02
4.07804535e-02
1.40159830e-02
3.38966763e-02
3.20452692e-02
3.60315927e-02
2.60134868e-02
5.34356505e-02
4.14786834e-02
Run 30, std dev: 1.17473106e-02, mean: 3.40702394e-02
