2.55514869e-01
2.01232919e-01
2.20647474e-01
1.59114715e-01
2.23049393e-01
1.87598316e-01
1.84447144e-01
1.68575350e-01
2.29295712e-01
2.12434287e-01
1.95572674e-01
1.73706189e-01
2.11538116e-01
2.19717896e-01
2.33901881e-01
2.14483330e-01
1.92440922e-01
1.71677902e-01
1.80491683e-01
1.92684612e-01
2.60693908e-01
1.69210654e-01
2.07970188e-01
1.68409836e-01
2.03950913e-01
1.37896773e-01
2.11871660e-01
1.75818427e-01
2.35296123e-01
2.05945019e-01
Run 30, std dev: 2.80271297e-02, mean: 2.00172963e-01
