6.15227193e-02
8.43643740e-02
8.88496107e-02
1.11633003e-01
1.01521687e-01
7.99925083e-02
1.01298615e-01
9.08051193e-02
9.11357459e-02
9.55496995e-02
8.03817057e-02
6.64236610e-02
5.95127450e-02
7.68828961e-02
9.87517855e-02
1.06568260e-01
9.90660594e-02
7.33783489e-02
9.73407642e-02
6.64147452e-02
8.29804934e-02
8.18773150e-02
1.02974756e-01
8.79386053e-02
6.65195978e-02
8.01616236e-02
7.63160929e-02
1.05938584e-01
9.21450948e-02
8.66367023e-02
Run 30, std dev: 1.39041738e-02, mean: 8.64960973e-02
