-9.66015172e+00
-9.66015172e+00
-9.66015172e+00
-9.66015172e+00
-9.66015172e+00
-9.66015172e+00
-9.66015172e+00
-9.66015172e+00
-9.66015172e+00
-9.66015172e+00
-9.66015172e+00
-9.66015172e+00
-9.66015172e+00
-9.66015172e+00
-9.66015172e+00
-9.66015172e+00
-9.66015172e+00
-9.66015172e+00
-9.66015172e+00
-9.66015172e+00
-9.66015172e+00
-9.66015172e+00
-9.66015172e+00
-9.66015172e+00
-9.66015172e+00
-9.66015172e+00
-9.66015172e+00
-9.66015172e+00
-9.66015172e+00
-9.66015172e+00
Run 30, std dev: 1.74649998e-15, mean: -9.66015172e+00
