1.06509646e-17
2.38204876e-18
1.51500190e-17
1.14411833e-18
5.83917466e-18
9.70578868e-18
7.25546884e-19
9.69841564e-18
1.06464211e-16
1.39779582e-19
1.57140853e-16
3.38575526e-17
9.45982219e-17
3.11343737e-17
1.27199656e-17
1.17199925e-15
6.74147491e-18
1.52500320e-17
2.99428600e-20
7.89014076e-17
1.75205902e-18
2.24257691e-17
1.58370685e-18
8.97372916e-17
6.32653436e-18
9.34531395e-17
2.28843761e-17
5.39516870e-18
3.35525303e-18
1.36384855e-19
Run 30, std dev: 2.09042600e-16, mean: 6.70440940e-17
