5.17045134e-59
2.14817978e-58
9.90978520e-59
8.30060527e-57
8.91518761e-62
2.13286410e-60
4.52974508e-60
9.37052840e-59
2.82967041e-60
1.07469604e-58
2.49353224e-55
5.38868954e-64
3.65972320e-58
2.62123504e-59
6.32161309e-61
1.99366848e-55
1.50217250e-61
3.32439301e-57
2.98187911e-56
4.65784721e-60
8.09969692e-60
3.22733018e-58
2.63108791e-57
3.05583420e-59
2.23468079e-61
1.05965708e-58
1.76048830e-57
9.95959433e-60
3.15213092e-58
3.18395479e-56
Run 30, std dev: 5.61601865e-56, mean: 1.76053914e-56
