9.05405050e-43
4.14592312e-43
1.65656144e-43
5.07116563e-44
2.08282562e-40
1.86417397e-41
7.28068884e-43
5.98258799e-43
2.03905271e-41
3.46440942e-42
4.32258251e-43
9.19103053e-42
7.29433904e-43
2.69463461e-39
5.02190789e-43
9.95942877e-44
1.73090445e-42
1.63360673e-41
3.66538479e-42
3.73694426e-38
2.34861712e-38
9.06633126e-41
8.24523586e-42
2.53231622e-43
1.57348827e-41
6.68962580e-37
3.44590223e-43
2.91834056e-40
7.44554053e-41
2.47511227e-42
Run 30, std dev: 1.19936503e-37, mean: 2.44427721e-38
