4.49060361e-35
3.57010278e-36
4.67235891e-34
6.21560644e-35
4.58796470e-33
7.61729983e-33
6.48525426e-35
9.42827894e-36
2.55488842e-34
1.98989919e-34
2.84145332e-35
9.21473638e-34
2.15558531e-35
4.32733274e-34
3.23776219e-34
3.16017921e-34
2.17854124e-34
1.31647255e-33
4.32473953e-34
4.06848952e-34
9.99360978e-36
1.10254212e-33
1.59650211e-33
2.99090874e-35
2.00975533e-34
2.87015050e-35
1.33229131e-34
1.88653571e-33
3.84386648e-34
1.17142115e-35
Run 30, std dev: 1.55460843e-33, mean: 7.70466763e-34
