3.99680289e-15
3.99680289e-15
3.99680289e-15
3.99680289e-15
7.54951657e-15
3.99680289e-15
3.99680289e-15
3.99680289e-15
3.99680289e-15
3.99680289e-15
7.54951657e-15
3.99680289e-15
3.99680289e-15
3.99680289e-15
7.54951657e-15
7.54951657e-15
7.54951657e-15
7.54951657e-15
3.99680289e-15
3.99680289e-15
3.99680289e-15
7.54951657e-15
3.99680289e-15
7.54951657e-15
3.99680289e-15
7.54951657e-15
3.99680289e-15
7.54951657e-15
3.99680289e-15
3.99680289e-15
Run 30, std dev: 1.67476529e-15, mean: 5.18104078e-15
