1.05533262e-28
2.28005114e-29
5.51704165e-29
7.44287825e-29
3.04748518e-28
7.43333927e-30
4.48198359e-28
2.69790128e-27
3.46764749e-26
5.34717304e-27
5.63792642e-30
1.37230433e-28
1.31686228e-27
2.96185777e-28
1.00297385e-27
1.21099584e-27
1.26498344e-27
2.25917775e-28
3.51673208e-29
4.27773253e-26
5.69906235e-29
3.17645847e-27
9.21038529e-29
5.03988348e-28
2.61263727e-26
6.41350764e-28
5.35041722e-27
1.17266701e-29
1.65281408e-29
7.33896505e-29
Run 30, std dev: 1.04080556e-26, mean: 4.26874896e-27
