6.37546722e-02
6.37546722e-02
6.37546722e-02
6.37546722e-02
6.37546722e-02
6.37546722e-02
6.37546722e-02
6.37546722e-02
6.37546722e-02
6.37546722e-02
6.37546722e-02
6.37546722e-02
6.37546722e-02
6.37546722e-02
6.37546722e-02
6.37546722e-02
6.37546722e-02
6.37546722e-02
6.37546722e-02
6.37546722e-02
6.37546722e-02
6.37546722e-02
6.37546722e-02
6.37546722e-02
6.37546722e-02
6.37546722e-02
6.37546722e-02
6.37546722e-02
6.37546722e-02
6.37546722e-02
Run 30, std dev: 5.03658052e-14, mean: 6.37546722e-02
