0.00000000e+00
0.00000000e+00
4.44089210e-16
1.77857729e-13
6.66133815e-16
6.66133815e-16
2.22044605e-16
9.99200722e-15
0.00000000e+00
0.00000000e+00
2.22044605e-15
0.00000000e+00
0.00000000e+00
0.00000000e+00
0.00000000e+00
0.00000000e+00
1.82853732e-13
1.33226763e-15
2.66453526e-15
0.00000000e+00
2.44249065e-15
0.00000000e+00
2.33146835e-15
3.33066907e-16
0.00000000e+00
2.22044605e-16
0.00000000e+00
0.00000000e+00
0.00000000e+00
0.00000000e+00
Run 30, std dev: 4.48232247e-14, mean: 1.28082730e-14
