2.26638957e-01
2.21703899e-01
1.98990839e-01
2.00838884e-01
1.98139981e-01
3.02746592e-01
2.05929571e-01
1.90256500e-01
1.79928360e-01
2.68569427e-01
2.05126909e-01
2.56840041e-01
2.24087194e-01
2.37647128e-01
1.88564929e-01
2.29207121e-01
2.09787511e-01
2.24683438e-01
2.62517933e-01
1.97782903e-01
2.83173682e-01
2.12826486e-01
2.03140394e-01
2.00573109e-01
2.64030809e-01
2.01533148e-01
1.71394112e-01
1.97061473e-01
2.42371888e-01
2.61574604e-01
Run 30, std dev: 3.19288785e-02, mean: 2.22255594e-01
