9.17943517e-02
8.98842327e-02
7.88145990e-02
1.27927826e-01
9.49680431e-02
7.58953823e-02
1.01516279e-01
9.45911191e-02
1.00161883e-01
9.25901726e-02
9.39222476e-02
9.93435230e-02
1.15171657e-01
9.64801001e-02
9.20790790e-02
8.91930795e-02
9.46383204e-02
8.52844811e-02
7.73134054e-02
5.97760892e-02
8.62523166e-02
8.31518844e-02
9.62911346e-02
6.71801200e-02
1.09475996e-01
9.66846643e-02
9.01522228e-02
8.91668916e-02
8.15494146e-02
1.23602027e-01
Run 30, std dev: 1.41602029e-02, mean: 9.24950848e-02
