-9.66015172e+00
-9.66015172e+00
-9.66015172e+00
-9.66015172e+00
-9.66015172e+00
-9.66015172e+00
-9.66015172e+00
-9.66015172e+00
-9.66015172e+00
-9.66015172e+00
-9.66015172e+00
-9.66015172e+00
-9.66015172e+00
-9.66015172e+00
-9.66015172e+00
-9.66015172e+00
-9.66015172e+00
-9.66015172e+00
-9.66015172e+00
-9.66015172e+00
-9.66015172e+00
-9.66015172e+00
-9.66015172e+00
-9.66015172e+00
-9.66015172e+00
-9.66015172e+00
-9.66015172e+00
-9.66015172e+00
-9.66015172e+00
-9.66015172e+00
Run 30, std dev: 8.58061873e-16, mean: -9.66015172e+00
