7.65435627e-18
5.62031062e-18
2.39389188e-17
2.25560013e-18
1.43643074e-16
4.53426054e-18
1.35495692e-16
1.98762493e-16
3.33124249e-18
2.76726929e-16
1.22796270e-17
2.69015084e-17
7.88642472e-18
8.02607411e-17
6.31590832e-16
2.16116401e-16
1.46370769e-17
5.71708440e-16
5.60889931e-18
6.30335464e-17
4.40998697e-17
1.93259117e-17
3.40454636e-17
5.49567847e-15
1.13359844e-18
7.14489606e-18
6.37688359e-17
8.03082543e-16
1.60982445e-14
4.10394519e-17
Run 30, std dev: 3.00028175e-15, mean: 8.34651665e-16
