3.83262717e-33
2.20376799e-33
1.69477011e-32
5.90237354e-32
6.60619771e-32
4.05137677e-33
3.06762064e-30
1.96295098e-32
8.63333096e-33
1.15375383e-32
1.40340011e-33
1.46337028e-31
1.40131499e-30
1.57276938e-32
1.55623919e-32
3.04953972e-34
3.84595031e-30
3.81110445e-31
7.30205251e-35
1.16250791e-30
1.35409423e-33
8.70847629e-32
4.59031751e-32
6.18472859e-32
2.54767173e-33
1.26811814e-33
2.27853070e-33
3.83906968e-33
3.49960722e-32
8.48435500e-32
Run 30, std dev: 8.94435791e-31, mean: 3.51859890e-31
