2.76669631e-01
2.42873592e-01
2.45161080e-01
2.07380606e-01
1.93791137e-01
2.03903741e-01
2.26404466e-01
2.65774628e-01
2.59099760e-01
2.07298284e-01
2.15516246e-01
2.28725370e-01
1.98444928e-01
2.97283157e-01
2.19366210e-01
2.36868558e-01
2.68325495e-01
2.25638024e-01
2.23695539e-01
2.14655577e-01
2.24422335e-01
2.32539672e-01
1.89335446e-01
1.72818134e-01
1.68177723e-01
2.29800398e-01
2.59157613e-01
2.14336051e-01
2.21311122e-01
2.50552604e-01
Run 30, std dev: 2.91828854e-02, mean: 2.27310904e-01
