9.04573618e-02
1.12986119e-01
9.46944933e-02
1.09999607e-01
1.06218727e-01
8.42392925e-02
8.39667244e-02
9.97686187e-02
1.14113134e-01
9.46020167e-02
1.03614684e-01
1.09590654e-01
9.19696391e-02
5.12080721e-02
1.08408367e-01
9.66747593e-02
1.00237559e-01
7.63068958e-02
9.45580503e-02
8.35839409e-02
7.63495996e-02
1.02334526e-01
9.22743778e-02
7.85095607e-02
1.05162799e-01
1.09278911e-01
1.34956484e-01
1.10584307e-01
8.44184830e-02
1.19016490e-01
Run 30, std dev: 1.58927608e-02, mean: 9.73361419e-02
