2.10072735e-02
3.78356931e-02
2.06320884e-02
1.99327750e-02
2.67356743e-02
9.51077042e-03
9.98252432e-03
2.86456468e-02
3.65651737e-03
5.88121097e-03
2.93258475e-02
2.33110769e-02
3.24327069e-02
1.43946568e-02
1.12401748e-02
2.07899490e-02
1.77359899e-02
7.69796157e-03
1.33407326e-02
3.19632928e-02
1.86261693e-02
2.90622261e-02
3.98139425e-02
1.05600177e-02
9.91436152e-03
1.15215132e-02
2.02319956e-02
4.06462827e-02
1.97761493e-02
2.25611128e-02
Run 30, std dev: 9.98562347e-03, mean: 2.02922111e-02
