0.00000000e+00
0.00000000e+00
0.00000000e+00
0.00000000e+00
0.00000000e+00
0.00000000e+00
0.00000000e+00
3.98662385e+00
0.00000000e+00
0.00000000e+00
0.00000000e+00
3.98662385e+00
0.00000000e+00
0.00000000e+00
3.98662385e+00
0.00000000e+00
0.00000000e+00
2.17429787e-29
0.00000000e+00
0.00000000e+00
0.00000000e+00
0.00000000e+00
0.00000000e+00
0.00000000e+00
0.00000000e+00
3.98662385e+00
0.00000000e+00
0.00000000e+00
3.98662385e+00
0.00000000e+00
Run 30, std dev: 1.48572699e+00, mean: 6.64437309e-01
