0.00000000e+00
2.41588652e-30
0.00000000e+00
4.93038066e-32
2.41588652e-30
4.93038066e-32
0.00000000e+00
0.00000000e+00
2.46519033e-30
3.00753220e-30
0.00000000e+00
1.12042900e-29
1.23259516e-32
1.97215226e-31
0.00000000e+00
1.23259516e-30
3.00753220e-30
0.00000000e+00
1.24492112e-30
1.45939267e-29
0.00000000e+00
9.98402083e-31
0.00000000e+00
4.93038066e-32
8.08582428e-30
7.88860905e-31
1.97215226e-31
4.93038066e-32
0.00000000e+00
4.93038066e-32
Run 30, std dev: 3.43505930e-30, mean: 1.73713745e-30
