4.97862159e-51
4.45826242e-49
3.22898946e-52
2.73827028e-47
6.56148243e-50
2.74118272e-49
1.70695892e-49
1.80948585e-52
3.22748555e-49
6.80876440e-52
4.21349467e-51
6.38533880e-47
1.18091809e-53
9.78741267e-46
3.31444990e-49
1.28351297e+01
5.82580606e-53
7.95654921e-48
4.77472776e-53
1.55185749e-49
3.50757711e-51
3.77759217e-50
8.49396382e-50
1.33752062e-50
6.57204654e-50
2.47859470e-51
1.56474218e-52
1.14126398e-52
4.84484144e-54
1.72234239e-49
Run 30, std dev: 2.30397629e+00, mean: 4.27837656e-01
