4.31071206e-45
2.36260374e-45
1.23246205e-47
8.27072994e-46
6.40642501e-46
5.06266926e-46
3.52397629e-45
1.51664114e-46
2.44432310e-45
1.66845140e-45
1.67627634e-44
2.43287904e-46
6.39022101e-46
1.23040969e-46
2.11787279e-45
6.75827480e-46
3.33265305e-46
2.39379611e-43
1.50338673e-45
1.45436292e-44
3.14354713e-46
3.82448490e-47
1.22929606e-45
2.08613046e-44
7.79632379e-45
8.61150068e-46
1.64635763e-44
7.05175593e-45
9.85187352e-46
4.60219973e-45
Run 30, std dev: 4.26371796e-44, mean: 1.17657713e-44
