1.92540572e-75
1.84995925e-74
1.98468552e-77
5.56959248e-79
1.73479072e-69
7.75876894e-73
2.49987341e-77
3.07470844e-75
3.80275959e-72
1.13976431e-77
1.09504276e-72
1.96944912e-75
1.39990383e-78
1.98659452e-75
1.41621295e-77
1.26304851e-76
2.92817926e-77
5.24465544e-75
4.56593133e-76
1.26980525e-76
3.64778767e-70
1.63405802e-75
6.90771331e-76
2.14810215e-71
2.21431458e-75
7.99963101e-75
3.75135888e-77
5.35044477e-76
6.37299708e-78
1.45614236e-76
Run 30, std dev: 3.15820006e-70, mean: 7.08923656e-71
