3.99680289e-15
3.99680289e-15
3.99680289e-15
3.99680289e-15
3.99680289e-15
3.99680289e-15
3.99680289e-15
3.99680289e-15
3.99680289e-15
3.99680289e-15
1.81632487e-13
1.46549439e-14
3.99680289e-15
3.99680289e-15
3.24185123e-14
3.99680289e-15
3.57447405e-12
2.88657986e-14
3.99680289e-15
2.17603713e-14
3.99680289e-15
3.99680289e-15
3.99680289e-15
3.99680289e-15
3.99680289e-15
3.99680289e-15
3.99680289e-15
3.99680289e-15
3.99680289e-15
3.99680289e-15
Run 30, std dev: 6.40124958e-13, mean: 1.31657648e-13
