7.54951657e-15
3.99680289e-15
7.54951657e-15
7.54951657e-15
7.54951657e-15
7.54951657e-15
7.54951657e-15
7.54951657e-15
7.54951657e-15
7.54951657e-15
7.54951657e-15
7.54951657e-15
7.54951657e-15
3.99680289e-15
7.54951657e-15
7.54951657e-15
7.54951657e-15
7.54951657e-15
7.54951657e-15
7.54951657e-15
7.54951657e-15
7.54951657e-15
7.54951657e-15
7.54951657e-15
7.54951657e-15
7.54951657e-15
3.99680289e-15
7.54951657e-15
7.54951657e-15
3.99680289e-15
Run 30, std dev: 1.20769042e-15, mean: 7.07582141e-15
