2.25546562e-02
3.27301263e-02
2.26701865e-02
4.83571985e-02
3.24199976e-02
3.35555253e-02
8.17532736e-03
3.66207715e-02
4.90093071e-02
2.72679227e-02
2.87707939e-02
2.91372877e-02
4.02672142e-02
3.58506690e-02
1.36536354e-02
1.07461518e-02
3.05766057e-02
1.11925280e-02
2.28743889e-02
2.26640887e-02
1.67942223e-02
8.35900358e-03
7.66372021e-03
2.61623299e-02
2.93538945e-02
2.70539569e-03
1.81105318e-02
2.63421575e-02
2.44854296e-02
3.41468010e-02
Run 30, std dev: 1.15260288e-02, mean: 2.51072623e-02
