8.81889459e-02
5.79544923e-02
7.04614870e-02
5.67235757e-02
8.23601343e-02
9.29496811e-02
7.60572868e-02
5.70715139e-02
7.93108880e-02
5.13905884e-02
6.81502979e-02
1.13228022e-01
6.53568936e-02
9.13110663e-02
7.62938361e-02
6.22046042e-02
9.62906771e-02
9.12565731e-02
6.68682497e-02
7.90225214e-02
7.52438260e-02
9.73125810e-02
8.60491442e-02
8.93771068e-02
9.70338034e-02
6.90750876e-02
1.00121762e-01
4.90393731e-02
8.80192729e-02
6.45017527e-02
Run 30, std dev: 1.59156520e-02, mean: 7.79408348e-02
