20.5796
20.4819
20.2922
20.1955
20.0554
19.7914
19.6885
19.5057
19.3737
19.2614
19.1249
19.0593
18.909
18.8395
18.7394
18.6481
18.398
18.2696
18.1914
17.9204
17.8361
17.8017
17.669
17.5475
17.5475
17.4941
17.3743
17.3193
16.9548
16.8032
16.6331
16.3988
16.1636
16.0585
16.0005
15.735
15.693
15.693
15.6215
15.4895
15.2949
15.2537
15.2537
15.1777
15.0099
14.8556
14.788
14.3279
14.2038
14.1428
14.0579
13.6955
13.5242
13.4798
13.4482
13.3324
13.1049
12.9174
12.6862
12.6107
12.2744
12.212
11.8894
11.8606
11.6748
11.6331
11.4457
11.4457
11.3073
11.294
11.2505
10.9187
10.8054
10.7599
10.5853
10.5024
10.3517
10.3517
10.3146
10.1192
10.076
10.005
9.77153
9.64703
9.56809
9.32572
9.18777
8.99471
8.70589
8.61887
8.40765
8.30553
8.29441
8.22253
8.15646
8.07769
8.03155
7.94157
7.83586
7.81853
7.66631
7.56032
7.54899
7.426
7.35989
7.26746
7.20974
6.8993
6.71863
6.61459
6.61459
6.59092
6.57719
6.5116
6.34527
6.32753
6.26058
6.18282
6.05126
6.02147
5.96659
5.81811
5.77176
5.74636
5.69349
5.63355
5.53291
5.48113
5.46351
5.42643
5.38787
5.36922
5.30068
5.14617
5.14017
5.10558
5.04601
5.0124
4.92972
4.82432
4.69559
4.63059
4.60202
4.59455
4.58865
4.55028
4.5136
4.51089
4.45422
4.37756
4.29609
4.2609
4.20649
4.16195
4.15351
4.1158
4.08604
4.082
4.02589
3.98391
3.98186
3.94316
3.87576
3.85121
3.82959
3.77255
3.67319
3.65369
3.47796
3.4525
3.43954
3.38489
3.37081
3.35249
3.34438
3.34438
3.34038
3.28776
3.25099
3.21115
3.1777
3.17247
3.15205
3.13848
3.13848
3.10801
3.03897
3.02803
2.92381
2.90996
2.88473
2.83303
2.79764
2.79764
2.76078
2.74224
2.69901
2.66287
2.64667
2.61512
2.59619
2.53063
2.46566
2.45313
2.44557
2.41476
2.39877
2.31918
2.29245
2.27975
2.26585
2.23604
2.19879
2.19376
2.12414
2.10459
2.04865
1.98981
1.98154
1.93819
1.91489
1.90792
1.88873
1.88298
1.82084
1.77326
1.75761
1.73898
1.71631
1.68391
1.61053
1.56628
1.52584
1.48375
1.42518
1.36104
1.33048
1.32439
1.31218
1.2802
1.23859
1.22611
1.14602
1.12975
1.09527
1.05102
1.0138
1.01036
1.00644
0.977568
0.975708
0.924996
0.92177
0.878929
0.853037
0.828127
0.818409
0.782828
0.776672
0.741195
0.714304
0.681101
0.666621
0.628501
0.620015
0.618607
0.612419
0.587937
0.586466
0.577766
0.563371
0.552067
0.539284
0.49455
0.480376
0.470414
0.462874
0.455411
0.449546
0.44028
0.409113
0.395094
0.391019
0.380003
0.366202
0.361046
0.36082
0.350768
0.348955
0.322557
0.316914
0.311342
0.306981
0.292166
0.277713
0.271575
0.270659
0.263454
0.263454
0.262312
0.257562
0.248428
0.237446
0.226116
0.222264
0.219612
0.21172
0.210052
0.203706
0.197538
0.192386
0.19119
0.179996
0.179996
0.177481
0.172912
0.16874
0.162274
0.161112
0.157912
0.153597
0.150313
0.144852
0.141997
0.139854
0.13659
0.135201
0.13098
0.127169
0.12538
0.122019
0.120819
0.117982
0.111832
0.107552
0.105586
0.10287
0.0969906
0.0956302
0.0904612
0.0880585
0.087532
0.0868742
0.0845833
0.0840348
0.0833866
0.0814258
0.0800547
0.0779126
0.0757157
0.0756612
0.0731652
0.0724678
0.0702099
0.0687967
0.0669989
0.0656271
0.0638192
0.0625549
0.0619578
0.0609845
0.0598908
0.0583501
0.0562091
0.0556181
0.0543633
0.0536394
0.0521178
0.0489796
0.0488197
0.0481074
0.0476162
0.0466922
0.0458351
0.0447751
0.0441607
0.0441241
0.0426848
0.0421483
0.0414173
0.040666
0.0379504
0.0374854
0.0372387
0.0367775
0.0354535
0.0351781
0.0351575
0.0348291
0.0338371
0.0321087
0.0311375
0.0310173
0.0307295
0.0302397
0.0291267
0.0284788
0.0269278
0.0265804
0.0264029
0.0262157
0.0250431
0.0246399
0.0235265
0.0226041
0.0224448
0.0222238
0.0222238
0.0220591
0.0208789
0.0204121
0.0197607
0.0194879
0.0191075
0.018997
0.0184564
0.0180685
0.0177329
0.0172002
0.0168003
0.0167504
0.0163532
0.0162033
0.0160568
0.015841
0.0154978
0.0150476
0.0148987
0.0148974
0.0142681
0.014194
0.0140591
0.0134368
0.0132645
0.0132634
0.0128075
0.0124987
0.0121846
0.0121018
0.0119096
0.0118285
0.0115997
0.0112338
0.0109907
0.0109544
0.0106607
0.0104041
0.0102898
0.0100668
0.00974536
0.0095231
0.00947745
0.00929231
0.00918904
0.00899988
0.008778
0.00857663
0.00845958
0.00832244
0.00822241
0.0080229
0.00783703
0.00745065
0.0072916
0.00700764
0.00682261
0.00679763
0.00668377
0.00647438
0.00647438
0.00637127
0.00617475
0.00605157
0.00591687
0.00583124
0.00577486
0.00572546
0.00561043
0.00553194
0.00517069
0.00513644
0.00511196
0.00502454
0.00495664
0.00488185
0.00480018
0.00458056
0.00455885
0.00434666
0.00432999
0.00426779
0.00425292
0.00415853
0.00402361
0.00395355
0.00392091
0.00384565
0.00377095
0.00370905
0.00368904
0.00362233
0.00354981
0.00354064
0.00343885
0.00337873
0.00322544
0.00318565
0.00316903
0.00313175
0.0030563
0.00285742
0.00285077
0.00276998
0.00271045
0.00269485
0.00259957
0.00253057
0.00248796
0.00245938
0.00238854
0.00233621
0.00233621
0.00230857
0.00220594
0.00219776
0.00212981
0.00211816
0.00210218
0.00209159
0.00206942
0.0020143
0.00198979
0.00190735
0.00188297
0.00187279
0.00186745
0.00182887
0.0017693
0.00167523
0.0016015
0.00158294
0.00155407
0.00151443
0.00149209
0.00145781
0.00140403
0.00138129
0.00135582
0.00134187
0.00133452
0.00132463
0.00131092
0.00128254
0.00126887
0.00123517
0.00122891
0.0012109
0.00119983
0.00118535
0.00116091
0.00108664
0.00107849
0.0010707
0.00104927
0.00103429
0.00101762
0.000977963
0.000974984
0.00096997
0.000939894
0.000928797
0.000916492
0.000901441
0.000892685
0.000888108
0.000871142
0.000839701
0.000820055
0.000817425
0.000804596
0.000774676
0.000755471
0.000737092
0.000719123
0.000690404
0.000689232
0.000669463
0.000661059
0.000656248
0.000656248
0.000632738
0.000627406
0.000624151
0.000616784
0.00059601
0.000583367
0.000578056
0.000569272
0.000563604
0.00055852
0.000538584
0.000525424
0.000523724
0.000512212
0.000491177
0.000469954
0.000461982
0.000460248
0.000449393
0.000430205
0.000421398
0.000416033
0.000416033
0.00039761
0.00038261
0.000380928
0.000377296
0.000365678
0.000363329
0.000354883
0.000350224
0.000344493
0.000341486
0.000327626
0.000327238
0.000324125
0.000324125
0.000315316
0.000306965
0.000295505
0.000293966
0.000291005
0.000285949
0.000280497
0.000273043
0.000268683
0.000263057
0.000256003
0.000254987
0.000252091
0.000250026
0.00024769
0.000245336
0.000240145
0.000238973
0.000225111
0.00021136
0.000206948
0.000203813
0.000203216
0.00020188
0.000192135
0.000191279
0.000184034
0.000180586
0.000178653
0.000174461
0.000173617
0.000170217
0.000169683
0.000166359
0.000163272
0.000158344
0.000154756
0.000152769
0.000149009
0.000143185
0.000142914
0.00013907
0.00013775
0.000137463
0.000133204
0.000133158
0.000129089
0.000125083
0.000122013
0.000120344
0.000120133
0.000118234
0.000117447
0.000114146
0.000112622
0.000107753
0.000106334
0.000103688
0.000100937
0.000100225
0.000100187
9.67732e-005
9.18525e-005
9.09712e-005
8.72802e-005
8.72802e-005
8.57088e-005
8.57088e-005
8.30148e-005
8.1316e-005
8.04051e-005
7.91614e-005
7.8801e-005
7.85212e-005
7.65182e-005
7.48397e-005
7.27413e-005
6.99361e-005
6.95199e-005
6.79484e-005
6.71293e-005
6.71293e-005
6.61478e-005
6.52688e-005
6.23211e-005
6.13509e-005
6.0629e-005
5.90265e-005
5.83807e-005
5.80563e-005
5.61734e-005
5.34116e-005
5.12801e-005
5.12801e-005
5.11695e-005
4.98072e-005
4.9633e-005
4.79245e-005
4.69976e-005
4.53901e-005
4.53901e-005
4.34223e-005
4.21621e-005
4.15256e-005
4.06731e-005
3.99769e-005
3.92646e-005
3.84584e-005
3.83227e-005
3.77852e-005
3.75091e-005
3.62727e-005
3.58173e-005
3.41141e-005
3.37898e-005
3.33656e-005
3.29392e-005
3.12833e-005
3.12277e-005
3.01717e-005
3.01159e-005
2.94132e-005
2.83058e-005
2.75433e-005
2.7429e-005
2.66214e-005
2.66129e-005
2.63255e-005
2.61544e-005
2.49836e-005
2.4361e-005
2.42115e-005
2.32021e-005
2.28304e-005
2.28158e-005
2.25089e-005
2.23949e-005
2.23949e-005
2.16853e-005
2.0296e-005
1.96885e-005
1.93804e-005
1.92574e-005
1.90343e-005
1.90237e-005
1.81852e-005
1.75e-005
1.74529e-005
1.71819e-005
1.69327e-005
1.68054e-005
1.67575e-005
1.67575e-005
1.66291e-005
1.63541e-005
1.55203e-005
1.5384e-005
1.53075e-005
1.51546e-005
1.45621e-005
1.42164e-005
1.4131e-005
1.36588e-005
1.34325e-005
1.33792e-005
1.30042e-005
1.27763e-005
1.2549e-005
1.24167e-005
1.19831e-005
1.15538e-005
1.1464e-005
1.13921e-005
1.12864e-005
1.11662e-005
1.09904e-005
1.09571e-005
1.07119e-005
1.04981e-005
1.01079e-005
9.77998e-006
9.41918e-006
9.41918e-006
9.17764e-006
8.67584e-006
8.49932e-006
8.39585e-006
8.34885e-006
8.33318e-006
8.26087e-006
8.06972e-006
7.6909e-006
7.5491e-006
7.34682e-006
6.91623e-006
6.70039e-006
6.6864e-006
6.54848e-006
6.53368e-006
6.40672e-006
6.38019e-006
6.35326e-006
6.32292e-006
6.12404e-006
6.09109e-006
6.04948e-006
5.90189e-006
5.77426e-006
5.71448e-006
5.60086e-006
5.54478e-006
5.30291e-006
5.15207e-006
5.03119e-006
5.00567e-006
4.76905e-006
4.75623e-006
4.62954e-006
4.50384e-006
4.36841e-006
4.30464e-006
4.26928e-006
4.19896e-006
4.18841e-006
4.06693e-006
3.9224e-006
3.91295e-006
3.91295e-006
3.85663e-006
3.80095e-006
3.70199e-006
3.6327e-006
3.56769e-006
3.38508e-006
3.32872e-006
3.23179e-006
3.18818e-006
3.13902e-006
3.10692e-006
3.07688e-006
3.01005e-006
2.99299e-006
2.97549e-006
2.85632e-006
2.77893e-006
2.69361e-006
2.68499e-006
2.60076e-006
2.56812e-006
2.55697e-006
2.51857e-006
2.4879e-006
2.35996e-006
2.32714e-006
2.28999e-006
2.24395e-006
2.2256e-006
2.15495e-006
2.13083e-006
2.12334e-006
2.03129e-006
2.01526e-006
1.97618e-006
1.95514e-006
1.94037e-006
1.91077e-006
1.87517e-006
1.79147e-006
1.77403e-006
1.76718e-006
1.68925e-006
1.65755e-006
1.64248e-006
1.63343e-006
1.62325e-006
1.6232e-006
1.5606e-006
1.52353e-006
1.51017e-006
1.48099e-006
1.43279e-006
1.43279e-006
1.38589e-006
1.37165e-006
1.35365e-006
1.3255e-006
1.28374e-006
1.227e-006
1.22697e-006
1.19885e-006
1.14798e-006
1.13667e-006
1.12962e-006
1.11076e-006
1.0882e-006
1.08054e-006
1.06033e-006
1.06033e-006
1.03455e-006
1.02008e-006
9.99761e-007
9.98124e-007
9.50766e-007
9.47651e-007
9.37023e-007
9.29471e-007
9.20356e-007
8.94112e-007
8.5761e-007
8.53603e-007
8.33474e-007
8.08055e-007
7.88889e-007
7.70799e-007
7.51806e-007
7.35722e-007
7.13949e-007
7.08008e-007
7.08008e-007
6.93848e-007
6.87312e-007
6.79127e-007
6.65039e-007
6.36449e-007
6.11542e-007
6.00605e-007
5.96117e-007
5.93951e-007
5.76547e-007
5.6574e-007
5.62077e-007
5.39195e-007
5.37873e-007
5.21704e-007
5.10437e-007
5.04815e-007
4.98151e-007
4.92032e-007
4.82587e-007
4.70329e-007
4.68476e-007
4.60848e-007
4.5926e-007
4.39972e-007
4.27966e-007
4.03657e-007
3.96813e-007
3.93546e-007
3.88381e-007
3.71595e-007
3.6471e-007
3.60079e-007
3.5145e-007
3.47582e-007
3.47582e-007
3.36854e-007
3.35723e-007
3.3183e-007
3.1865e-007
3.12788e-007
3.09988e-007
2.99356e-007
2.95949e-007
2.80456e-007
2.75871e-007
2.73846e-007
2.72457e-007
2.71004e-007
2.6674e-007
2.64335e-007
2.61009e-007
2.57989e-007
2.48225e-007
2.41599e-007
2.37066e-007
2.32191e-007
2.28938e-007
2.23393e-007
2.13448e-007
2.09674e-007
2.09197e-007
2.03441e-007
2.00571e-007
1.98433e-007
1.96018e-007
1.87775e-007
1.84875e-007
1.84288e-007
1.78528e-007
1.75863e-007
1.74369e-007
1.73558e-007
1.68332e-007
1.64267e-007
1.60242e-007
1.56574e-007
1.54262e-007
1.49895e-007
1.43599e-007
1.39577e-007
1.39149e-007
1.38776e-007
1.38502e-007
1.36626e-007
1.29568e-007
1.27511e-007
1.25715e-007
1.21294e-007
1.21e-007
1.19722e-007
1.18162e-007
1.15505e-007
1.06788e-007
1.04454e-007
1.0287e-007
1.02577e-007
1.02504e-007
1.01899e-007
1.01331e-007
9.93498e-008
9.52986e-008
9.27979e-008
9.20278e-008
8.75623e-008
8.43204e-008
8.43204e-008
8.34776e-008
8.24851e-008
8.24087e-008
8.22371e-008
8.05291e-008
7.7071e-008
7.57929e-008
7.45411e-008
7.37648e-008
7.32054e-008
7.16652e-008
6.58967e-008
6.45749e-008
6.3926e-008
6.36548e-008
6.18359e-008
6.15015e-008
6.06305e-008
5.7638e-008
5.73485e-008
5.58017e-008
5.53574e-008
5.53574e-008
5.47953e-008
5.3462e-008
5.18452e-008
5.02221e-008
4.93813e-008
4.92476e-008
4.81128e-008
4.77342e-008
4.64707e-008
4.47417e-008
4.4638e-008
4.38497e-008
4.35289e-008
4.19192e-008
4.15489e-008
4.04296e-008
4.00258e-008
3.99196e-008
3.83191e-008
3.78927e-008
3.78493e-008
3.66782e-008
3.57045e-008
3.55326e-008
3.51144e-008
3.50671e-008
3.46807e-008
3.4318e-008
3.36121e-008
3.35334e-008
3.27272e-008
3.2161e-008
3.02992e-008
2.96465e-008
2.96366e-008
2.87146e-008
2.8324e-008
2.78719e-008
2.77171e-008
2.66596e-008
2.65511e-008
2.58273e-008
2.49052e-008
2.42884e-008
2.42451e-008
2.37186e-008
2.32026e-008
2.27507e-008
2.15558e-008
2.13687e-008
2.10901e-008
2.07665e-008
2.00922e-008
1.94633e-008
1.9447e-008
1.9447e-008
1.86868e-008
1.86101e-008
1.76549e-008
1.75982e-008
1.66964e-008
1.63127e-008
1.6071e-008
1.53677e-008
1.52074e-008
1.50604e-008
1.49851e-008
1.47501e-008
1.43002e-008
1.43002e-008
1.40454e-008
1.3305e-008
1.32101e-008
1.28067e-008
1.27157e-008
1.25964e-008
1.20493e-008
1.1935e-008
1.17121e-008
1.14728e-008
1.12749e-008
1.11813e-008
1.10384e-008
1.10348e-008
1.0829e-008
1.08224e-008
1.04802e-008
1.03467e-008
1.02563e-008
1.02563e-008
9.80995e-009
9.65421e-009
9.61642e-009
9.56393e-009
9.45976e-009
9.08523e-009
9.05417e-009
8.9948e-009
8.8109e-009
8.64391e-009
8.63733e-009
8.58772e-009
8.33744e-009
8.29578e-009
7.95014e-009
7.79678e-009
7.64672e-009
7.50988e-009
7.42822e-009
7.24475e-009
6.95286e-009
6.8328e-009
6.65919e-009
6.55349e-009
6.55349e-009
6.3809e-009
6.1276e-009
5.98487e-009
5.87939e-009
5.83983e-009
5.71131e-009
5.5709e-009
5.47889e-009
5.42106e-009
5.29837e-009
5.08763e-009
5.07207e-009
5.02387e-009
5.01075e-009
4.9037e-009
4.87077e-009
4.81185e-009
4.71258e-009
4.5488e-009
4.49209e-009
4.48102e-009
4.22788e-009
4.21048e-009
4.17858e-009
4.14598e-009
4.01351e-009
3.88085e-009
3.71766e-009
3.71172e-009
3.62939e-009
3.51616e-009
3.48575e-009
3.48356e-009
3.47576e-009
3.31258e-009
3.30025e-009
3.18299e-009
3.1667e-009
3.10411e-009
2.98318e-009
2.85419e-009
2.84713e-009
2.8011e-009
2.76927e-009
2.7172e-009
2.66741e-009
2.66741e-009
2.65293e-009
2.59035e-009
2.55588e-009
2.44513e-009
2.38804e-009
2.30697e-009
2.27401e-009
2.22718e-009
2.21535e-009
2.17588e-009
2.174e-009
2.15749e-009
2.11031e-009
2.05622e-009
1.95891e-009
1.94411e-009
1.93534e-009
1.90929e-009
1.85089e-009
1.84053e-009
1.81777e-009
1.78157e-009
1.72707e-009
1.65074e-009
1.63074e-009
1.62027e-009
1.60574e-009
1.56067e-009
1.54611e-009
1.47871e-009
1.46797e-009
1.46477e-009
1.45226e-009
1.42158e-009
1.37647e-009
1.37007e-009
1.33957e-009
1.33957e-009
1.32723e-009
1.2679e-009
1.23521e-009
1.21628e-009
1.20655e-009
1.18571e-009
1.14727e-009
1.13097e-009
1.12509e-009
1.09522e-009
1.03933e-009
1.02953e-009
1.01856e-009
1.00063e-009
9.77185e-010
9.57943e-010
9.46421e-010
8.89537e-010
8.89537e-010
8.83275e-010
8.67e-010
8.36705e-010
8.21375e-010
7.9894e-010
7.86248e-010
7.85821e-010
7.79448e-010
7.72431e-010
7.44654e-010
7.26805e-010
7.18325e-010
6.915e-010
6.82378e-010
6.65408e-010
6.59528e-010
6.31473e-010
6.26433e-010
6.09104e-010
5.84737e-010
5.75356e-010
5.67857e-010
5.52606e-010
5.33579e-010
5.31511e-010
5.10868e-010
5.08639e-010
4.99993e-010
4.99993e-010
4.96045e-010
4.86839e-010
4.8062e-010
4.54373e-010
4.46833e-010
4.43499e-010
4.14945e-010
4.14144e-010
4.09988e-010
4.02062e-010
3.88926e-010
3.83025e-010
3.75679e-010
3.70014e-010
3.65158e-010
3.65158e-010
3.57582e-010
3.5221e-010
3.47415e-010
3.30283e-010
3.24512e-010
3.1858e-010
3.15194e-010
3.08785e-010
3.07981e-010
3.04994e-010
3.02349e-010
2.92635e-010
2.85507e-010
2.73369e-010
2.66719e-010
2.62626e-010
2.57988e-010
2.4983e-010
2.36806e-010
2.34983e-010
2.31656e-010
2.29043e-010
2.28744e-010
2.23092e-010
2.19418e-010
2.15708e-010
2.13423e-010
2.1056e-010
2.01094e-010
2.0079e-010
1.95304e-010
1.91993e-010
1.91501e-010
1.82231e-010
1.77897e-010
1.76772e-010
1.72096e-010
1.6602e-010
1.63926e-010
1.61092e-010
1.59756e-010
1.59756e-010
1.51761e-010
1.44825e-010
1.4398e-010
1.4331e-010
1.40788e-010
1.40544e-010
1.35879e-010
1.35846e-010
1.30547e-010
1.30068e-010
1.2977e-010
1.22309e-010
1.21276e-010
1.20249e-010
1.19989e-010
1.18548e-010
1.12141e-010
1.11951e-010
1.11036e-010
1.09025e-010
1.05186e-010
1.04845e-010
1.02503e-010
1.02201e-010
9.83052e-011
9.75505e-011
9.32426e-011
8.89092e-011
8.64862e-011
8.55319e-011
8.49628e-011
8.49628e-011
8.10479e-011
7.99668e-011
7.99668e-011
7.57484e-011
7.49794e-011
7.47649e-011
7.44288e-011
7.39782e-011
7.36145e-011
6.89558e-011
6.77552e-011
6.76298e-011
6.75607e-011
6.55567e-011
6.47183e-011
6.4391e-011
6.08554e-011
6.03074e-011
5.8662e-011
5.79577e-011
5.72225e-011
5.60908e-011
5.48489e-011
5.41015e-011
5.39087e-011
5.37937e-011
5.21703e-011
5.16334e-011
5.14627e-011
4.92278e-011
4.80803e-011
4.7848e-011
4.69172e-011
4.61292e-011
4.433e-011
4.38608e-011
4.38275e-011
4.35026e-011
4.25201e-011
4.08414e-011
4.01868e-011
4.00709e-011
3.9582e-011
3.84298e-011
3.74692e-011
3.71659e-011
3.51981e-011
3.47203e-011
3.43586e-011
3.38623e-011
3.30134e-011
3.29981e-011
3.26502e-011
3.23349e-011
3.05639e-011
2.99321e-011
2.84753e-011
2.83163e-011
2.74193e-011
2.70342e-011
2.70156e-011
2.69445e-011
2.62215e-011
2.54078e-011
2.50059e-011
2.47052e-011
2.35701e-011
2.30334e-011
2.26955e-011
2.2681e-011
2.25694e-011
2.2449e-011
2.1927e-011
2.13792e-011
2.06553e-011
2.03645e-011
1.8944e-011
1.87624e-011
1.81023e-011
1.78234e-011
1.78194e-011
1.78107e-011
1.75369e-011
1.70695e-011
1.70695e-011
Run 10, std dev: 1.00922e-011
