6.14051587e-06
9.63526592e-25
0.00000000e+00
1.38034763e-24
6.64973073e-25
7.41292901e-25
2.66755904e-26
1.41122351e-10
2.30031840e-27
1.02498689e-19
2.19937102e-13
8.10624152e-23
4.91221935e-17
4.17130714e-25
6.54439007e-27
1.02948088e-23
0.00000000e+00
1.14858798e-07
1.05633035e-23
3.38037991e-25
1.39457358e-25
2.32120362e-20
0.00000000e+00
5.89896084e-25
5.84743146e-29
2.53067071e-26
5.61388056e-26
8.94426715e-25
0.00000000e+00
0.00000000e+00
Run 30, std dev: 1.10173719e-06, mean: 2.08517200e-07
