7.20307408e-66
6.95099518e-67
6.76750531e-64
8.62021021e-64
1.56718065e-63
7.62029664e-68
2.95977396e-66
1.59918157e-65
2.75906214e-64
4.01511516e-69
3.04512913e-68
1.80302473e-67
1.10828090e-21
6.95094116e-69
8.27206606e-65
2.65141320e-64
5.11566871e-63
9.71922806e-71
8.75878955e-67
8.62396835e-63
1.60249805e-65
1.91997747e-63
7.78729905e-65
1.52251460e-65
1.60784833e-73
7.67901091e-64
6.44315293e-62
1.96764325e-69
3.89864689e-60
1.56175581e-75
Run 30, std dev: 1.98942510e-22, mean: 3.69426966e-23
